1650985603.682773, 0
1650985603.705841, 0
1650985603.723591, 0
1650985603.742517, 2
1650985603.758804, 8
1650985603.781652, 5
1650985603.799620, 15
1650985603.830260, 23
1650985603.851741, 25
1650985603.869408, 27
1650985603.891144, 30
1650985603.912492, 32
1650985603.936749, 40
1650985603.954108, 45
1650985603.972881, 49
1650985603.991332, 55
1650985604.009223, 60
1650985604.026533, 63
1650985604.042460, 68
1650985604.059112, 73
1650985604.076072, 79
1650985604.092102, 82
1650985604.109407, 88
1650985604.125729, 91
1650985604.142079, 97
1650985604.158539, 100
1650985604.174407, 106
1650985604.190375, 112
1650985604.209954, 115
1650985604.227370, 118
1650985604.246739, 125
1650985604.264639, 128
1650985604.280549, 134
1650985604.339051, 139
1650985604.358841, 143
1650985604.382186, 153
1650985604.411975, 168
1650985604.435560, 180
1650985604.454591, 186
1650985604.472845, 196
1650985604.494272, 199
1650985604.510031, 200
1650985604.525479, 199
1650985604.551583, 199
1650985604.580794, 200
1650985604.596849, 199
1650985604.620614, 200
1650985604.638348, 199
1650985604.657586, 200
1650985604.676446, 200
1650985604.697441, 200
1650985604.715098, 199
1650985604.733166, 200
1650985604.749092, 199
1650985604.768939, 200
1650985604.785270, 199
1650985604.801988, 199
1650985604.820788, 200
1650985604.837449, 199
1650985604.855317, 199
1650985604.872218, 199
1650985604.903325, 198
1650985604.944989, 200
1650985604.962728, 198
1650985604.990705, 200
1650985605.019577, 199
1650985605.040760, 199
1650985605.056249, 198
1650985605.074411, 198
1650985605.095738, 200
1650985605.114826, 200
1650985605.136899, 200
1650985605.156431, 200
1650985605.180325, 199
1650985605.199527, 199
1650985605.227633, 199
1650985605.244349, 200
1650985605.262609, 199
1650985605.280652, 198
1650985605.297793, 198
1650985605.313990, 198
1650985605.329228, 197
1650985605.353436, 198
1650985605.378463, 198
1650985605.397921, 198
1650985605.420623, 195
1650985605.446867, 197
1650985605.473799, 194
1650985605.502295, 195
1650985605.533062, 196
1650985605.561581, 198
1650985605.583425, 199
1650985605.602467, 200
1650985605.620545, 198
1650985605.638912, 199
1650985605.664805, 198
1650985605.684364, 200
1650985605.704649, 199
1650985605.727787, 200
1650985605.747268, 199
1650985605.768609, 199
1650985605.810301, 200
1650985605.830858, 198
1650985605.849622, 193
1650985605.870219, 191
1650985605.887374, 190
1650985605.907588, 191
1650985605.922854, 191
1650985605.939339, 191
1650985605.955556, 191
1650985605.971940, 190
1650985605.987039, 193
1650985606.005366, 192
1650985606.020863, 198
1650985606.036544, 199
1650985606.052651, 200
1650985606.069522, 199
1650985606.088188, 199
1650985606.105488, 199
1650985606.124635, 199
1650985606.142848, 200
1650985606.160080, 193
1650985606.177689, 200
1650985606.193827, 199
1650985606.211190, 197
1650985606.228700, 198
1650985606.245987, 199
1650985606.262162, 200
1650985606.278138, 198
1650985606.298714, 199
1650985606.318179, 199
1650985606.335800, 196
1650985606.353637, 196
1650985606.375474, 200
1650985606.399454, 199
1650985606.417583, 199
1650985606.437393, 199
1650985606.460781, 199
1650985606.481602, 192
1650985606.498785, 196
1650985606.517291, 195
1650985606.535500, 194
1650985606.553298, 195
1650985606.570667, 194
1650985606.588432, 193
1650985606.604846, 197
1650985606.622166, 200
1650985606.639087, 200
1650985606.658713, 196
1650985606.678685, 193
1650985606.695877, 192
1650985606.713518, 192
1650985606.731117, 194
1650985606.750760, 197
1650985606.774468, 199
1650985606.791638, 196
1650985606.808898, 196
1650985606.833232, 195
1650985606.855562, 193
1650985606.872653, 194
1650985606.891370, 193
1650985606.911447, 195
1650985606.927731, 195
1650985606.948724, 199
1650985606.967863, 199
1650985606.983997, 197
1650985607.002393, 199
1650985607.022872, 195
1650985607.040522, 198
1650985607.058542, 194
1650985607.075452, 199
1650985607.094122, 199
1650985607.112891, 199
1650985607.132818, 196
1650985607.154103, 194
1650985607.170867, 194
1650985607.188763, 195
1650985607.208870, 196
1650985607.224916, 193
1650985607.243260, 194
1650985607.260193, 196
1650985607.280199, 197
1650985607.296522, 198
1650985607.315780, 198
1650985607.340221, 193
1650985607.363109, 196
1650985607.382509, 194
1650985607.406090, 199
1650985607.425513, 200
1650985607.444081, 199
1650985607.461171, 194
1650985607.478814, 193
1650985607.495731, 194
1650985607.510963, 191
1650985607.526718, 194
1650985607.544320, 192
1650985607.560064, 196
1650985607.578934, 194
1650985607.597201, 196
1650985607.613641, 196
1650985607.629458, 200
1650985607.645512, 196
1650985607.668509, 191
1650985607.688355, 185
1650985607.705661, 183
1650985607.723269, 180
1650985607.742230, 177
1650985607.766186, 176
1650985607.782708, 171
1650985607.800543, 165
1650985607.816191, 159
1650985607.832086, 154
1650985607.852292, 146
1650985607.871769, 141
1650985607.889473, 134
1650985607.910369, 126
1650985607.933436, 121
1650985607.948724, 120
1650985607.966288, 114
1650985607.983005, 117
1650985607.999871, 114
1650985608.018387, 116
1650985608.035195, 114
1650985608.052480, 111
1650985608.068495, 106
1650985608.086396, 100
1650985608.103589, 95
1650985608.120152, 94
1650985608.135825, 89
1650985608.158138, 83
1650985608.174130, 78
1650985608.190840, 72
1650985608.210559, 72
1650985608.227765, 71
1650985608.245940, 69
1650985608.263103, 68
1650985608.281113, 68
1650985608.301698, 68
1650985608.318224, 67
1650985608.336294, 68
1650985608.357200, 67
1650985608.374307, 68
1650985608.394294, 68
1650985608.412244, 68
1650985608.429272, 67
1650985608.445071, 66
1650985608.461230, 66
1650985608.477086, 68
1650985608.494502, 65
1650985608.509777, 66
1650985608.525072, 65
1650985608.541263, 66
1650985608.559423, 65
1650985608.577868, 65
1650985608.596379, 65
1650985608.614901, 64
1650985608.632406, 64
1650985608.650847, 65
1650985608.667414, 65
1650985608.683528, 64
1650985608.702379, 65
1650985608.720320, 66
1650985608.742299, 66
1650985608.761105, 65
1650985608.777988, 65
1650985608.799441, 67
1650985608.816456, 66
1650985608.833798, 66
1650985608.849509, 65
1650985608.870558, 66
1650985608.886414, 66
1650985608.902736, 65
1650985608.918945, 66
1650985608.934528, 67
1650985608.951011, 65
1650985608.974088, 64
1650985608.993387, 64
1650985609.012697, 65
1650985609.031863, 63
1650985609.048301, 65
1650985609.064806, 64
1650985609.080939, 63
1650985609.100705, 64
1650985609.118460, 64
1650985609.137980, 63
1650985609.156422, 62
1650985609.176761, 63
1650985609.196570, 63
1650985609.214468, 64
1650985609.231658, 62
1650985609.247896, 63
1650985609.268452, 63
1650985609.288487, 63
1650985609.308234, 63
1650985609.326162, 63
1650985609.343480, 64
1650985609.378158, 63
1650985609.397867, 64
1650985609.413611, 63
1650985609.429571, 64
1650985609.446374, 64
1650985609.462954, 64
1650985609.481438, 65
1650985609.496169, 64
1650985609.512763, 64
1650985609.530842, 64
1650985609.550406, 64
1650985609.568952, 64
1650985609.584938, 65
1650985609.602648, 65
1650985609.620838, 65
1650985609.638557, 65
1650985609.655275, 65
1650985609.671783, 66
1650985609.690042, 65
1650985609.705836, 66
1650985609.722522, 65
1650985609.743853, 65
1650985609.760573, 66
1650985609.780723, 65
1650985609.797886, 67
1650985609.815933, 66
1650985609.832047, 66
1650985609.849029, 65
1650985609.866235, 67
1650985609.882846, 66
1650985609.900284, 67
1650985609.918547, 65
1650985609.936841, 66
1650985609.953886, 66
1650985609.971755, 66
1650985609.988346, 67
1650985610.005004, 67
1650985610.021422, 67
1650985610.038110, 66
1650985610.053649, 66
1650985610.071092, 67
1650985610.090776, 68
1650985610.108671, 67
1650985610.125972, 66
1650985610.144333, 67
1650985610.164360, 66
1650985610.182869, 67
1650985610.200621, 67
1650985610.216850, 66
1650985610.234945, 65
1650985610.250391, 66
1650985610.269696, 66
1650985610.288330, 66
1650985610.308217, 67
1650985610.325149, 65
1650985610.347074, 66
1650985610.364313, 66
1650985610.381234, 67
1650985610.400350, 66
1650985610.417878, 66
1650985610.437789, 65
1650985610.454396, 66
1650985610.473109, 66
1650985610.489167, 68
1650985610.508393, 67
1650985610.525338, 67
1650985610.542471, 67
1650985610.559459, 67
1650985610.575829, 68
1650985610.591627, 67
1650985610.608638, 68
1650985610.625557, 67
1650985610.642146, 67
1650985610.660463, 66
1650985610.685000, 67
1650985610.702165, 67
1650985610.718683, 68
1650985610.735102, 67
1650985610.753707, 68
1650985610.770979, 68
1650985610.787688, 68
1650985610.806176, 67
1650985610.830221, 68
1650985610.847691, 67
1650985610.863308, 67
1650985610.882037, 68
1650985610.902594, 68
1650985610.920968, 68
1650985610.940883, 67
1650985610.958292, 68
1650985610.974355, 69
1650985610.991436, 69
1650985611.017152, 69
1650985611.036451, 68
1650985611.054868, 69
1650985611.072608, 68
1650985611.089202, 68
1650985611.105661, 69
1650985611.122730, 70
1650985611.139637, 68
1650985611.157658, 69
1650985611.173903, 69
1650985611.190823, 69
1650985611.209331, 69
1650985611.227236, 68
1650985611.244705, 69
1650985611.263176, 68
1650985611.280761, 69
1650985611.297041, 68
1650985611.313226, 67
1650985611.329858, 69
1650985611.346777, 69
1650985611.364924, 69
1650985611.381872, 69
1650985611.399442, 69
1650985611.415504, 68
1650985611.433570, 70
1650985611.451140, 70
1650985611.468578, 68
1650985611.484938, 70
1650985611.500309, 70
1650985611.518028, 70
1650985611.533750, 71
1650985611.551397, 71
1650985611.568381, 71
1650985611.584466, 69
1650985611.604702, 71
1650985611.621873, 70
1650985611.640399, 70
1650985611.658766, 69
1650985611.674727, 70
1650985611.690901, 70
1650985611.708202, 70
1650985611.728097, 69
1650985611.745664, 71
1650985611.761855, 70
1650985611.779407, 69
1650985611.795989, 69
1650985611.813720, 70
1650985611.829955, 68
1650985611.845989, 69
1650985611.862686, 71
1650985611.880679, 70
1650985611.902192, 71
1650985611.919962, 70
1650985611.936415, 72
1650985611.956258, 70
1650985611.972705, 70
1650985611.989268, 70
1650985612.004951, 70
1650985612.021558, 70
1650985612.037247, 71
1650985612.053776, 71
1650985612.069561, 70
1650985612.086883, 72
1650985612.106613, 71
1650985612.126322, 73
1650985612.148048, 71
1650985612.166701, 71
1650985612.184609, 71
1650985612.200825, 72
1650985612.217747, 72
1650985612.233629, 72
1650985612.249113, 70
1650985612.264603, 71
1650985612.282289, 72
1650985612.300390, 70
1650985612.316934, 71
1650985612.334346, 72
1650985612.352001, 71
1650985612.368935, 71
1650985612.385890, 72
1650985612.405091, 72
1650985612.421558, 72
1650985612.439295, 72
1650985612.455112, 71
1650985612.471024, 72
1650985612.487621, 72
1650985612.505376, 71
1650985612.521854, 73
1650985612.538090, 72
1650985612.555247, 73
1650985612.573326, 72
1650985612.590310, 72
1650985612.607772, 73
1650985612.627177, 72
1650985612.644730, 73
1650985612.660746, 72
1650985612.677042, 72
1650985612.693015, 72
1650985612.709197, 72
1650985612.729886, 72
1650985612.751627, 72
1650985612.770912, 72
1650985612.787853, 72
1650985612.804925, 71
1650985612.821066, 74
1650985612.837142, 73
1650985612.853975, 73
1650985612.869999, 73
1650985612.886033, 73
1650985612.903220, 73
1650985612.922028, 74
1650985612.938702, 73
1650985612.954385, 72
1650985612.973019, 72
1650985612.992228, 72
1650985613.007950, 73
1650985613.029245, 73
1650985613.047260, 73
1650985613.064147, 73
1650985613.083911, 73
1650985613.101708, 72
1650985613.119579, 75
1650985613.137110, 73
1650985613.153189, 73
1650985613.169083, 74
1650985613.185751, 74
1650985613.202195, 74
1650985613.222012, 75
1650985613.244790, 73
1650985613.261414, 74
1650985613.282745, 73
1650985613.301756, 74
1650985613.321408, 74
1650985613.344390, 75
1650985613.361955, 73
1650985613.383203, 74
1650985613.400248, 76
1650985613.417797, 75
1650985613.433307, 75
1650985613.449975, 75
1650985613.467412, 75
1650985613.486093, 73
1650985613.502261, 75
1650985613.519426, 74
1650985613.535709, 75
1650985613.552494, 73
1650985613.571501, 75
1650985613.590462, 74
1650985613.606900, 75
1650985613.623574, 75
1650985613.640985, 74
1650985613.660255, 75
1650985613.676167, 75
1650985613.692245, 73
1650985613.708252, 76
1650985613.726714, 75
1650985613.742954, 74
1650985613.759548, 74
1650985613.778264, 75
1650985613.795923, 75
1650985613.812381, 75
1650985613.828778, 75
1650985613.845217, 77
1650985613.861162, 76
1650985613.881031, 75
1650985613.897061, 76
1650985613.914080, 75
1650985613.931220, 75
1650985613.949513, 77
1650985613.966326, 76
1650985613.984737, 75
1650985614.003786, 76
1650985614.021160, 76
1650985614.040868, 76
1650985614.057602, 76
1650985614.074681, 76
1650985614.091798, 76
1650985614.107761, 77
1650985614.126865, 75
1650985614.143918, 76
1650985614.162755, 76
1650985614.178486, 75
1650985614.196324, 78
1650985614.212517, 77
1650985614.229098, 75
1650985614.248308, 77
1650985614.270035, 77
1650985614.288046, 76
1650985614.305010, 77
1650985614.321909, 77
1650985614.337910, 76
1650985614.355077, 77
1650985614.372239, 77
1650985614.388762, 76
1650985614.405398, 77
1650985614.421294, 77
1650985614.436970, 75
1650985614.451963, 76
1650985614.467865, 77
1650985614.485747, 77
1650985614.501645, 77
1650985614.517216, 77
1650985614.537651, 76
1650985614.553537, 77
1650985614.572934, 78
1650985614.588624, 77
1650985614.604605, 78
1650985614.621001, 77
1650985614.636629, 79
1650985614.652954, 78
1650985614.669110, 77
1650985614.688683, 78
1650985614.710555, 78
1650985614.728407, 77
1650985614.745321, 78
1650985614.763394, 78
1650985614.780278, 77
1650985614.796570, 78
1650985614.813337, 78
1650985614.829622, 78
1650985614.846158, 78
1650985614.863145, 79
1650985614.879067, 78
1650985614.895986, 78
1650985614.912215, 78
1650985614.928323, 78
1650985614.945793, 78
1650985614.961734, 79
1650985614.978597, 79
1650985614.996510, 77
1650985615.014869, 80
1650985615.030825, 80
1650985615.049817, 78
1650985615.065321, 79
1650985615.082345, 79
1650985615.100226, 79
1650985615.116375, 78
1650985615.137505, 78
1650985615.153958, 79
1650985615.169958, 78
1650985615.187944, 77
1650985615.206356, 78
1650985615.222144, 78
1650985615.237752, 80
1650985615.254233, 80
1650985615.270340, 79
1650985615.287863, 78
1650985615.304074, 80
1650985615.319841, 79
1650985615.336404, 79
1650985615.352753, 80
1650985615.369021, 79
1650985615.385353, 79
1650985615.405637, 79
1650985615.425347, 79
1650985615.440670, 80
1650985615.456438, 80
1650985615.472858, 80
1650985615.488209, 80
1650985615.503387, 79
1650985615.519341, 80
1650985615.535742, 80
1650985615.552071, 80
1650985615.567964, 80
1650985615.584303, 80
1650985615.606025, 78
1650985615.621870, 80
1650985615.639021, 80
1650985615.654756, 79
1650985615.670216, 80
1650985615.690528, 80
1650985615.709301, 82
1650985615.727014, 80
1650985615.742358, 80
1650985615.758436, 80
1650985615.777014, 79
1650985615.792325, 80
1650985615.811857, 80
1650985615.829112, 79
1650985615.846042, 80
1650985615.864477, 81
1650985615.880042, 80
1650985615.897866, 80
1650985615.914478, 81
1650985615.932556, 81
1650985615.949667, 81
1650985615.966590, 80
1650985615.982496, 82
1650985615.999778, 80
1650985616.015473, 79
1650985616.031643, 81
1650985616.047399, 81
1650985616.063295, 80
1650985616.079692, 81
1650985616.096274, 81
1650985616.113585, 81
1650985616.130115, 82
1650985616.147183, 81
1650985616.165481, 81
1650985616.180847, 82
1650985616.200587, 82
1650985616.216300, 81
1650985616.233084, 82
1650985616.251269, 81
1650985616.266655, 82
1650985616.289476, 82
1650985616.306232, 82
1650985616.322337, 82
1650985616.339155, 81
1650985616.360020, 82
1650985616.377334, 82
1650985616.393107, 81
1650985616.410126, 81
1650985616.426014, 82
1650985616.443040, 81
1650985616.459434, 81
1650985616.479342, 81
1650985616.494284, 81
1650985616.510473, 82
1650985616.532466, 81
1650985616.548600, 82
1650985616.565766, 83
1650985616.583056, 83
1650985616.601113, 82
1650985616.617618, 81
1650985616.636448, 83
1650985616.653874, 83
1650985616.673340, 83
1650985616.688623, 83
1650985616.704938, 83
1650985616.722429, 82
1650985616.738922, 83
1650985616.755532, 83
1650985616.775140, 83
1650985616.792252, 82
1650985616.808922, 83
1650985616.826284, 84
1650985616.842206, 83
1650985616.857482, 81
1650985616.876838, 84
1650985616.892299, 83
1650985616.908731, 84
1650985616.925023, 85
1650985616.940139, 84
1650985616.955191, 83
1650985616.973821, 84
1650985616.989457, 84
1650985617.007754, 85
1650985617.025965, 84
1650985617.044265, 84
1650985617.060874, 83
1650985617.080779, 84
1650985617.098623, 83
1650985617.115923, 83
1650985617.131503, 82
1650985617.151255, 82
1650985617.167304, 82
1650985617.188537, 83
1650985617.213028, 85
1650985617.233321, 88
1650985617.251588, 85
1650985617.272428, 87
1650985617.290034, 86
1650985617.308318, 86
1650985617.324283, 85
1650985617.340607, 87
1650985617.358024, 86
1650985617.374557, 86
1650985617.391046, 85
1650985617.406808, 86
1650985617.423675, 86
1650985617.443568, 85
1650985617.460646, 84
1650985617.479452, 83
1650985617.500293, 85
1650985617.518075, 84
1650985617.533317, 83
1650985617.550020, 85
1650985617.567902, 84
1650985617.586010, 85
1650985617.604433, 85
1650985617.621980, 84
1650985617.637925, 86
1650985617.656232, 87
1650985617.673537, 86
1650985617.689421, 85
1650985617.706876, 87
1650985617.724007, 86
1650985617.741208, 87
1650985617.756436, 85
1650985617.772397, 86
1650985617.787558, 86
1650985617.805452, 86
1650985617.821476, 85
1650985617.838628, 86
1650985617.861161, 85
1650985617.876841, 88
1650985617.891945, 87
1650985617.907808, 87
1650985617.929927, 86
1650985617.945366, 88
1650985617.964307, 87
1650985617.984498, 86
1650985618.004723, 84
1650985618.022408, 87
1650985618.039880, 85
1650985618.060500, 85
1650985618.077039, 88
1650985618.094187, 85
1650985618.111063, 87
1650985618.128431, 87
1650985618.145401, 86
1650985618.162455, 86
1650985618.182035, 86
1650985618.201221, 86
1650985618.218470, 88
1650985618.239664, 87
1650985618.258627, 87
1650985618.275044, 86
1650985618.296702, 87
1650985618.312504, 86
1650985618.330571, 87
1650985618.352280, 88
1650985618.368222, 87
1650985618.385881, 87
1650985618.402190, 87
1650985618.423289, 87
1650985618.444367, 87
1650985618.464481, 87
1650985618.482284, 86
1650985618.497993, 86
1650985618.514984, 88
1650985618.531052, 86
1650985618.546987, 88
1650985618.565269, 88
1650985618.580902, 89
1650985618.601477, 88
1650985618.618931, 87
1650985618.638139, 88
1650985618.657746, 87
1650985618.675627, 89
1650985618.692013, 88
1650985618.708375, 88
1650985618.724644, 88
1650985618.740691, 88
1650985618.756426, 88
1650985618.771398, 88
1650985618.787327, 88
1650985618.804952, 87
1650985618.821988, 87
1650985618.837643, 86
1650985618.853253, 87
1650985618.869525, 87
1650985618.887933, 88
1650985618.906440, 89
1650985618.924506, 88
1650985618.940907, 88
1650985618.960771, 88
1650985618.976979, 89
1650985618.992920, 89
1650985619.010299, 89
1650985619.030358, 89
1650985619.046701, 89
1650985619.062680, 89
1650985619.081037, 89
1650985619.100027, 89
1650985619.116292, 88
1650985619.132477, 88
1650985619.147672, 88
1650985619.163252, 89
1650985619.179519, 88
1650985619.195803, 88
1650985619.212025, 87
1650985619.228805, 88
1650985619.251088, 89
1650985619.266323, 91
1650985619.287741, 87
1650985619.304790, 89
1650985619.321667, 90
1650985619.337317, 89
1650985619.352555, 88
1650985619.369070, 89
1650985619.389082, 89
1650985619.407013, 90
1650985619.425533, 91
1650985619.445254, 89
1650985619.462234, 90
1650985619.480397, 89
1650985619.497480, 90
1650985619.513979, 89
1650985619.529627, 88
1650985619.545608, 89
1650985619.561231, 89
1650985619.576758, 90
1650985619.593252, 89
1650985619.610066, 91
1650985619.626212, 89
1650985619.642789, 91
1650985619.658785, 90
1650985619.674629, 90
1650985619.689995, 89
1650985619.705215, 90
1650985619.727460, 91
1650985619.745845, 91
1650985619.760989, 90
1650985619.779053, 90
1650985619.795917, 90
1650985619.812293, 90
1650985619.828348, 89
1650985619.844425, 89
1650985619.860594, 90
1650985619.878072, 89
1650985619.893752, 89
1650985619.911595, 89
1650985619.930326, 90
1650985619.949211, 90
1650985619.967174, 89
1650985619.985535, 90
1650985620.003117, 90
1650985620.019776, 91
1650985620.035853, 90
1650985620.054390, 92
1650985620.075605, 91
1650985620.093175, 90
1650985620.109407, 91
1650985620.125858, 91
1650985620.142373, 91
1650985620.164673, 89
1650985620.180624, 91
1650985620.196905, 91
1650985620.213446, 90
1650985620.230399, 91
1650985620.248685, 90
1650985620.267050, 90
1650985620.289564, 90
1650985620.306488, 90
1650985620.324002, 91
1650985620.339534, 91
1650985620.357971, 92
1650985620.373696, 92
1650985620.389240, 92
1650985620.405793, 92
1650985620.424414, 91
1650985620.440473, 92
1650985620.456266, 92
1650985620.476624, 92
1650985620.493530, 91
1650985620.510168, 91
1650985620.527764, 91
1650985620.547324, 91
1650985620.563157, 91
1650985620.580270, 91
1650985620.598576, 91
1650985620.614672, 91
1650985620.631355, 92
1650985620.648126, 91
1650985620.664176, 93
1650985620.680204, 92
1650985620.696939, 92
1650985620.714394, 93
1650985620.731203, 91
1650985620.747369, 92
1650985620.764591, 92
1650985620.782762, 93
1650985620.799102, 93
1650985620.816583, 92
1650985620.833256, 92
1650985620.850359, 91
1650985620.867393, 92
1650985620.884538, 91
1650985620.902465, 92
1650985620.920748, 92
1650985620.939415, 91
1650985620.955958, 92
1650985620.972253, 92
1650985620.988403, 92
1650985621.004231, 93
1650985621.021046, 93
1650985621.038144, 92
1650985621.054546, 93
1650985621.072735, 93
1650985621.089042, 94
1650985621.108353, 95
1650985621.124893, 94
1650985621.141010, 94
1650985621.157258, 94
1650985621.172444, 95
1650985621.189233, 94
1650985621.205128, 95
1650985621.223705, 93
1650985621.242187, 94
1650985621.258533, 92
1650985621.276667, 93
1650985621.292712, 93
1650985621.309882, 93
1650985621.328012, 94
1650985621.344263, 93
1650985621.360242, 93
1650985621.376006, 94
1650985621.392198, 93
1650985621.410357, 94
1650985621.426106, 94
1650985621.441852, 94
1650985621.457909, 94
1650985621.475017, 94
1650985621.492385, 94
1650985621.509150, 94
1650985621.526657, 94
1650985621.543291, 94
1650985621.560146, 92
1650985621.576595, 93
1650985621.593307, 94
1650985621.609583, 92
1650985621.627955, 93
1650985621.648398, 93
1650985621.664289, 94
1650985621.680142, 92
1650985621.697162, 94
1650985621.712916, 95
1650985621.730558, 92
1650985621.750887, 94
1650985621.769026, 95
1650985621.789307, 95
1650985621.808399, 94
1650985621.826578, 95
1650985621.844033, 94
1650985621.860483, 94
1650985621.877261, 96
1650985621.894184, 95
1650985621.913363, 96
1650985621.930720, 95
1650985621.950063, 94
1650985621.968779, 94
1650985621.985404, 94
1650985622.002681, 94
1650985622.018767, 93
1650985622.035083, 94
1650985622.052611, 96
1650985622.068728, 95
1650985622.085832, 95
1650985622.102281, 95
1650985622.120287, 93
1650985622.139457, 95
1650985622.155890, 94
1650985622.172784, 96
1650985622.188781, 95
1650985622.205925, 95
1650985622.222457, 95
1650985622.239897, 96
1650985622.255854, 96
1650985622.272237, 96
1650985622.288307, 95
1650985622.305682, 94
1650985622.322019, 94
1650985622.339464, 94
1650985622.357111, 95
1650985622.373843, 93
1650985622.390051, 94
1650985622.410144, 97
1650985622.428414, 95
1650985622.445364, 96
1650985622.462068, 95
1650985622.480566, 97
1650985622.498780, 96
1650985622.516292, 96
1650985622.534080, 97
1650985622.552312, 96
1650985622.569694, 95
1650985622.590831, 95
1650985622.606815, 96
1650985622.624144, 95
1650985622.640256, 95
1650985622.657285, 96
1650985622.676517, 96
1650985622.692446, 96
1650985622.709825, 95
1650985622.728941, 94
1650985622.746128, 96
1650985622.762707, 97
1650985622.779378, 97
1650985622.795867, 96
1650985622.812358, 96
1650985622.830704, 97
1650985622.846029, 97
1650985622.861864, 96
1650985622.878983, 96
1650985622.896713, 95
1650985622.916217, 97
1650985622.933069, 97
1650985622.949246, 98
1650985622.965954, 98
1650985622.983431, 96
1650985623.008358, 95
1650985623.025955, 98
1650985623.042394, 96
1650985623.058926, 97
1650985623.075346, 95
1650985623.091998, 97
1650985623.109059, 96
1650985623.128447, 97
1650985623.145056, 97
1650985623.163634, 99
1650985623.181597, 96
1650985623.199396, 97
1650985623.216726, 98
1650985623.233089, 99
1650985623.248630, 97
1650985623.269430, 98
1650985623.285467, 99
1650985623.302677, 98
1650985623.319790, 97
1650985623.335699, 98
1650985623.350748, 96
1650985623.366198, 95
1650985623.386179, 96
1650985623.401742, 98
1650985623.418812, 98
1650985623.435385, 99
1650985623.453042, 98
1650985623.468894, 97
1650985623.485384, 99
1650985623.500890, 100
1650985623.520914, 100
1650985623.539382, 98
1650985623.558568, 99
1650985623.576074, 98
1650985623.594676, 99
1650985623.613679, 98
1650985623.630483, 97
1650985623.646570, 98
1650985623.663237, 98
1650985623.680007, 99
1650985623.695920, 99
1650985623.713076, 96
1650985623.735428, 97
1650985623.751907, 97
1650985623.770722, 97
1650985623.786627, 99
1650985623.805203, 98
1650985623.822308, 97
1650985623.840149, 98
1650985623.856381, 98
1650985623.874948, 98
1650985623.891218, 99
1650985623.908543, 99
1650985623.925507, 98
1650985623.942116, 100
1650985623.962282, 100
1650985623.979989, 98
1650985623.998053, 99
1650985624.015240, 99
1650985624.034368, 98
1650985624.055387, 100
1650985624.071403, 99
1650985624.088281, 98
1650985624.105422, 98
1650985624.122002, 98
1650985624.138156, 97
1650985624.154659, 98
1650985624.171592, 97
1650985624.188968, 99
1650985624.208852, 98
1650985624.226395, 99
1650985624.243217, 100
1650985624.266944, 99
1650985624.283592, 99
1650985624.300348, 100
1650985624.317757, 99
1650985624.335387, 99
1650985624.354701, 100
1650985624.371525, 99
1650985624.387950, 98
1650985624.404294, 100
1650985624.420563, 100
1650985624.437734, 101
1650985624.453131, 100
1650985624.469157, 100
1650985624.485123, 98
1650985624.501567, 99
1650985624.517666, 100
1650985624.534692, 98
1650985624.552271, 98
1650985624.570035, 100
1650985624.586343, 99
1650985624.602168, 100
1650985624.620737, 100
1650985624.637334, 99
1650985624.654796, 100
1650985624.672510, 100
1650985624.691126, 100
1650985624.707300, 100
1650985624.723380, 100
1650985624.740388, 101
1650985624.757549, 100
1650985624.773705, 99
1650985624.790255, 101
1650985624.807011, 101
1650985624.824510, 100
1650985624.841402, 100
1650985624.856793, 100
1650985624.873181, 99
1650985624.890614, 98
1650985624.907159, 100
1650985624.923310, 100
1650985624.943028, 101
1650985624.960439, 102
1650985624.976707, 100
1650985624.992647, 101
1650985625.011814, 101
1650985625.032311, 99
1650985625.048493, 101
1650985625.068762, 101
1650985625.085163, 101
1650985625.101862, 101
1650985625.117729, 101
1650985625.137456, 101
1650985625.157197, 100
1650985625.173282, 101
1650985625.190463, 101
1650985625.208996, 98
1650985625.225307, 100
1650985625.244731, 101
1650985625.264263, 101
1650985625.281397, 100
1650985625.299042, 101
1650985625.316380, 101
1650985625.333741, 101
1650985625.349685, 102
1650985625.364807, 102
1650985625.381032, 101
1650985625.399454, 101
1650985625.417315, 102
1650985625.434673, 102
1650985625.451305, 102
1650985625.470794, 103
1650985625.487351, 102
1650985625.503432, 103
1650985625.519173, 102
1650985625.539682, 102
1650985625.556820, 102
1650985625.575016, 102
1650985625.592509, 100
1650985625.609253, 102
1650985625.626336, 102
1650985625.641688, 102
1650985625.658651, 102
1650985625.675914, 102
1650985625.694806, 102
1650985625.710789, 102
1650985625.731230, 103
1650985625.748097, 104
1650985625.764691, 104
1650985625.780943, 103
1650985625.796355, 104
1650985625.811586, 104
1650985625.829321, 103
1650985625.846691, 103
1650985625.865329, 103
1650985625.882391, 102
1650985625.900336, 104
1650985625.920211, 103
1650985625.937562, 103
1650985625.955255, 101
1650985625.972596, 103
1650985625.989787, 100
1650985626.011152, 102
1650985626.028661, 103
1650985626.044809, 101
1650985626.061802, 102
1650985626.079250, 103
1650985626.094911, 104
1650985626.110511, 103
1650985626.127165, 103
1650985626.142306, 103
1650985626.162771, 103
1650985626.181091, 103
1650985626.198180, 103
1650985626.214918, 102
1650985626.231560, 103
1650985626.251073, 103
1650985626.271078, 104
1650985626.291087, 103
1650985626.312529, 105
1650985626.331511, 101
1650985626.351633, 102
1650985626.369596, 103
1650985626.385203, 103
1650985626.401559, 103
1650985626.422345, 102
1650985626.438603, 103
1650985626.459221, 102
1650985626.477426, 105
1650985626.494090, 104
1650985626.510261, 102
1650985626.525484, 104
1650985626.541836, 103
1650985626.558156, 104
1650985626.575269, 103
1650985626.591565, 105
1650985626.610285, 103
1650985626.627459, 103
1650985626.644466, 104
1650985626.660946, 104
1650985626.677828, 105
1650985626.700569, 103
1650985626.718640, 103
1650985626.735840, 101
1650985626.754645, 103
1650985626.777589, 103
1650985626.795264, 102
1650985626.812322, 104
1650985626.830701, 105
1650985626.845974, 104
1650985626.865347, 106
1650985626.884803, 104
1650985626.902118, 104
1650985626.917874, 105
1650985626.935193, 105
1650985626.956379, 104
1650985626.976671, 104
1650985626.993213, 105
1650985627.014348, 104
1650985627.036039, 104
1650985627.053499, 105
1650985627.072321, 104
1650985627.088673, 105
1650985627.105498, 104
1650985627.127108, 104
1650985627.143789, 104
1650985627.160642, 103
1650985627.176604, 105
1650985627.198086, 105
1650985627.218499, 105
1650985627.234470, 105
1650985627.251454, 105
1650985627.268412, 105
1650985627.284582, 104
1650985627.300912, 105
1650985627.318079, 106
1650985627.336446, 105
1650985627.357149, 106
1650985627.374666, 106
1650985627.392527, 105
1650985627.408478, 106
1650985627.427141, 106
1650985627.443149, 106
1650985627.463332, 104
1650985627.480432, 105
1650985627.496452, 105
1650985627.514432, 104
1650985627.531881, 105
1650985627.552333, 104
1650985627.576485, 105
1650985627.592884, 106
1650985627.610020, 106
1650985627.628695, 107
1650985627.646183, 106
1650985627.661479, 107
1650985627.678058, 105
1650985627.696358, 106
1650985627.715864, 105
1650985627.733716, 106
1650985627.750258, 106
1650985627.766033, 107
1650985627.781485, 106
1650985627.802439, 106
1650985627.817975, 107
1650985627.837821, 105
1650985627.853229, 105
1650985627.869229, 105
1650985627.884847, 106
1650985627.901045, 106
1650985627.917947, 107
1650985627.934426, 104
1650985627.951138, 105
1650985627.969053, 108
1650985627.986104, 107
1650985628.004683, 107
1650985628.023727, 106
1650985628.040594, 107
1650985628.059427, 107
1650985628.078530, 107
1650985628.096427, 106
1650985628.114510, 107
1650985628.131310, 106
1650985628.148325, 107
1650985628.169676, 107
1650985628.185526, 107
1650985628.202146, 107
1650985628.218082, 107
1650985628.233434, 106
1650985628.251063, 104
1650985628.267478, 106
1650985628.285020, 105
1650985628.301413, 106
1650985628.318293, 105
1650985628.335798, 106
1650985628.352310, 106
1650985628.368945, 107
1650985628.385345, 108
1650985628.406512, 108
1650985628.424748, 107
1650985628.441175, 108
1650985628.460926, 108
1650985628.478025, 109
1650985628.496640, 110
1650985628.515687, 109
1650985628.535218, 109
1650985628.555511, 109
1650985628.573382, 109
1650985628.592010, 110
1650985628.608772, 110
1650985628.626396, 108
1650985628.643892, 109
1650985628.664416, 108
1650985628.681645, 107
1650985628.700110, 107
1650985628.716799, 108
1650985628.734104, 107
1650985628.749689, 109
1650985628.765287, 107
1650985628.782489, 109
1650985628.798161, 108
1650985628.814351, 109
1650985628.829792, 107
1650985628.845604, 108
1650985628.861814, 108
1650985628.878726, 108
1650985628.895628, 108
1650985628.912386, 109
1650985628.931326, 107
1650985628.948204, 109
1650985628.965255, 107
1650985628.983141, 108
1650985628.999833, 108
1650985629.017239, 108
1650985629.035485, 108
1650985629.055331, 109
1650985629.073892, 107
1650985629.091025, 109
1650985629.108897, 108
1650985629.129257, 109
1650985629.146500, 109
1650985629.164253, 109
1650985629.180704, 108
1650985629.196258, 108
1650985629.211382, 109
1650985629.229022, 108
1650985629.245740, 109
1650985629.264357, 109
1650985629.280463, 109
1650985629.299356, 111
1650985629.318227, 109
1650985629.338650, 108
1650985629.382456, 109
1650985629.400655, 110
1650985629.417082, 108
1650985629.434188, 108
1650985629.452469, 108
1650985629.469512, 108
1650985629.487842, 109
1650985629.508409, 109
1650985629.527326, 108
1650985629.545998, 108
1650985629.565193, 108
1650985629.584626, 110
1650985629.604902, 110
1650985629.623428, 108
1650985629.639890, 110
1650985629.656899, 111
1650985629.672669, 109
1650985629.688780, 110
1650985629.708412, 111
1650985629.724862, 110
1650985629.741915, 110
1650985629.764278, 112
1650985629.783530, 110
1650985629.800202, 111
1650985629.816843, 109
1650985629.833582, 109
1650985629.848898, 108
1650985629.864279, 109
1650985629.879874, 109
1650985629.895806, 109
1650985629.913519, 109
1650985629.929371, 110
1650985629.947451, 109
1650985629.963630, 112
1650985629.983636, 110
1650985630.002245, 111
1650985630.019138, 112
1650985630.036352, 111
1650985630.052514, 112
1650985630.069356, 111
1650985630.085019, 112
1650985630.101659, 112
1650985630.119302, 111
1650985630.138692, 111
1650985630.157424, 111
1650985630.177011, 111
1650985630.195196, 112
1650985630.212348, 111
1650985630.229102, 110
1650985630.246760, 111
1650985630.265705, 110
1650985630.282051, 110
1650985630.300173, 111
1650985630.318510, 108
1650985630.336541, 110
1650985630.353452, 111
1650985630.373720, 111
1650985630.391130, 111
1650985630.408579, 111
1650985630.430275, 110
1650985630.449976, 111
1650985630.473213, 111
1650985630.490302, 110
1650985630.506815, 111
1650985630.524347, 112
1650985630.542503, 111
1650985630.559551, 113
1650985630.577467, 111
1650985630.595229, 111
1650985630.616289, 110
1650985630.640428, 111
1650985630.660770, 110
1650985630.678951, 110
1650985630.696288, 110
1650985630.712786, 111
1650985630.728536, 110
1650985630.746644, 111
1650985630.766516, 112
1650985630.781992, 113
1650985630.801766, 111
1650985630.818478, 113
1650985630.834229, 111
1650985630.849865, 111
1650985630.868015, 112
1650985630.884479, 113
1650985630.900417, 112
1650985630.916544, 112
1650985630.934860, 111
1650985630.952307, 113
1650985630.970744, 110
1650985630.988779, 111
1650985631.006329, 111
1650985631.024545, 111
1650985631.040636, 111
1650985631.060556, 112
1650985631.081526, 112
1650985631.104758, 112
1650985631.126402, 112
1650985631.143633, 112
1650985631.161349, 113
1650985631.177926, 112
1650985631.202232, 110
1650985631.220709, 113
1650985631.239148, 112
1650985631.257955, 112
1650985631.281559, 111
1650985631.300718, 111
1650985631.318625, 112
1650985631.337889, 113
1650985631.361018, 113
1650985631.377605, 113
1650985631.395218, 112
1650985631.411848, 111
1650985631.428580, 112
1650985631.445438, 112
1650985631.462720, 113
1650985631.478415, 111
1650985631.493950, 112
1650985631.510505, 113
1650985631.526223, 114
1650985631.544873, 112
1650985631.563372, 114
1650985631.580367, 113
1650985631.596136, 112
1650985631.612855, 113
1650985631.629740, 114
1650985631.645709, 114
1650985631.661431, 113
1650985631.680269, 113
1650985631.696051, 113
1650985631.713827, 114
1650985631.733931, 112
1650985631.749604, 111
1650985631.766179, 113
1650985631.784188, 113
1650985631.799791, 112
1650985631.816789, 113
1650985631.833449, 113
1650985631.848998, 112
1650985631.865326, 113
1650985631.881763, 112
1650985631.897802, 112
1650985631.915054, 115
1650985631.932214, 115
1650985631.956323, 115
1650985631.974389, 114
1650985631.991196, 112
1650985632.009143, 114
1650985632.024969, 115
1650985632.043848, 112
1650985632.061420, 113
1650985632.077363, 115
1650985632.093952, 114
1650985632.109471, 112
1650985632.125200, 114
1650985632.142763, 113
1650985632.159741, 113
1650985632.176513, 114
1650985632.192527, 113
1650985632.208643, 114
1650985632.224246, 113
1650985632.239995, 113
1650985632.256456, 113
1650985632.272422, 113
1650985632.289050, 113
1650985632.304488, 113
1650985632.322966, 114
1650985632.340521, 114
1650985632.359352, 114
1650985632.375547, 115
1650985632.396340, 115
1650985632.419814, 115
1650985632.439061, 115
1650985632.455919, 114
1650985632.472342, 114
1650985632.488673, 115
1650985632.507787, 114
1650985632.525227, 115
1650985632.541018, 116
1650985632.558646, 115
1650985632.576557, 115
1650985632.596304, 113
1650985632.615441, 115
1650985632.637144, 114
1650985632.655098, 113
1650985632.673035, 115
1650985632.690349, 115
1650985632.706973, 115
1650985632.726100, 115
1650985632.743230, 115
1650985632.763232, 115
1650985632.780787, 114
1650985632.799121, 116
1650985632.818437, 117
1650985632.845858, 115
1650985632.865968, 115
1650985632.884296, 115
1650985632.900872, 115
1650985632.917225, 116
1650985632.938913, 115
1650985632.959632, 116
1650985632.975919, 115
1650985632.994435, 116
1650985633.011646, 114
1650985633.028656, 115
1650985633.045943, 114
1650985633.063303, 115
1650985633.080646, 115
1650985633.097480, 114
1650985633.113035, 115
1650985633.128574, 117
1650985633.145232, 117
1650985633.162192, 118
1650985633.186230, 116
1650985633.205752, 117
1650985633.222785, 118
1650985633.239542, 117
1650985633.258462, 116
1650985633.274800, 117
1650985633.292546, 116
1650985633.308947, 117
1650985633.326015, 116
1650985633.342177, 117
1650985633.359286, 117
1650985633.376221, 117
1650985633.392404, 117
1650985633.409089, 117
1650985633.425353, 116
1650985633.441531, 115
1650985633.460092, 116
1650985633.476421, 115
1650985633.492892, 115
1650985633.508632, 115
1650985633.525426, 115
1650985633.545655, 116
1650985633.565033, 117
1650985633.586470, 116
1650985633.602986, 117
1650985633.620276, 117
1650985633.637773, 116
1650985633.653310, 116
1650985633.668887, 117
1650985633.684938, 116
1650985633.700600, 116
1650985633.715938, 117
1650985633.732437, 116
1650985633.748649, 117
1650985633.765329, 117
1650985633.781487, 117
1650985633.798958, 116
1650985633.816657, 117
1650985633.832775, 116
1650985633.848173, 116
1650985633.863103, 116
1650985633.879440, 117
1650985633.897079, 115
1650985633.915256, 116
1650985633.936831, 117
1650985633.955314, 117
1650985633.971897, 116
1650985633.988712, 117
1650985634.007158, 118
1650985634.024003, 117
1650985634.040339, 118
1650985634.063387, 116
1650985634.080736, 116
1650985634.101239, 117
1650985634.119790, 118
1650985634.137306, 118
1650985634.154001, 117
1650985634.170371, 117
1650985634.186850, 117
1650985634.202831, 117
1650985634.222459, 117
1650985634.239326, 116
1650985634.256750, 116
1650985634.273340, 116
1650985634.291655, 117
1650985634.308994, 116
1650985634.328586, 116
1650985634.346881, 117
1650985634.385608, 120
1650985634.404455, 119
1650985634.421073, 118
1650985634.443407, 117
1650985634.459522, 119
1650985634.477693, 117
1650985634.495538, 117
1650985634.514501, 117
1650985634.533199, 118
1650985634.548955, 118
1650985634.567546, 117
1650985634.583256, 118
1650985634.600260, 118
1650985634.615650, 118
1650985634.632389, 119
1650985634.650766, 118
1650985634.667382, 119
1650985634.685273, 118
1650985634.702634, 117
1650985634.718892, 118
1650985634.740260, 117
1650985634.757077, 116
1650985634.777228, 119
1650985634.793026, 119
1650985634.810012, 118
1650985634.831027, 119
1650985634.848398, 120
1650985634.864832, 118
1650985634.884464, 119
1650985634.899730, 119
1650985634.917756, 118
1650985634.934055, 118
1650985634.949311, 118
1650985634.967918, 118
1650985634.989583, 119
1650985635.009623, 119
1650985635.026064, 118
1650985635.043156, 118
1650985635.059476, 119
1650985635.075586, 118
1650985635.094838, 118
1650985635.110568, 118
1650985635.128465, 117
1650985635.145803, 116
1650985635.162584, 118
1650985635.178243, 118
1650985635.194815, 119
1650985635.212610, 118
1650985635.228488, 119
1650985635.248161, 118
1650985635.264685, 118
1650985635.285397, 119
1650985635.302596, 120
1650985635.318446, 119
1650985635.336303, 120
1650985635.353038, 119
1650985635.369204, 118
1650985635.386590, 119
1650985635.405566, 120
1650985635.423584, 119
1650985635.442132, 120
1650985635.459717, 120
1650985635.476671, 119
1650985635.493255, 119
1650985635.508690, 119
1650985635.525250, 119
1650985635.541066, 118
1650985635.560604, 119
1650985635.578544, 119
1650985635.596242, 119
1650985635.614542, 119
1650985635.631745, 120
1650985635.653034, 121
1650985635.674659, 120
1650985635.692415, 119
1650985635.708689, 120
1650985635.724984, 120
1650985635.742689, 120
1650985635.759219, 120
1650985635.778865, 120
1650985635.796342, 120
1650985635.812288, 120
1650985635.829365, 120
1650985635.845088, 119
1650985635.861712, 118
1650985635.877632, 120
1650985635.893035, 120
1650985635.909916, 121
1650985635.930771, 119
1650985635.948611, 119
1650985635.967220, 120
1650985635.985697, 119
1650985636.003483, 119
1650985636.021428, 120
1650985636.038925, 119
1650985636.059617, 120
1650985636.080845, 120
1650985636.098714, 120
1650985636.117047, 120
1650985636.132740, 121
1650985636.150034, 121
1650985636.166867, 121
1650985636.182466, 121
1650985636.198332, 121
1650985636.214442, 121
1650985636.231299, 120
1650985636.248548, 121
1650985636.265342, 121
1650985636.281151, 121
1650985636.297980, 121
1650985636.315490, 120
1650985636.331381, 121
1650985636.347876, 120
1650985636.365006, 121
1650985636.382054, 119
1650985636.399601, 120
1650985636.416789, 120
1650985636.438070, 119
1650985636.456233, 120
1650985636.474302, 120
1650985636.493478, 120
1650985636.512470, 121
1650985636.529666, 122
1650985636.546170, 121
1650985636.562882, 120
1650985636.580419, 122
1650985636.599910, 122
1650985636.616709, 121
1650985636.636438, 122
1650985636.653496, 121
1650985636.669073, 122
1650985636.686302, 121
1650985636.704454, 121
1650985636.723752, 121
1650985636.744848, 123
1650985636.763406, 122
1650985636.780761, 120
1650985636.796637, 120
1650985636.815757, 121
1650985636.832290, 119
1650985636.848154, 121
1650985636.865122, 122
1650985636.881520, 121
1650985636.898286, 122
1650985636.918353, 121
1650985636.936660, 121
1650985636.958270, 123
1650985636.977203, 122
1650985636.992948, 122
1650985637.009706, 122
1650985637.026489, 122
1650985637.045050, 121
1650985637.061466, 122
1650985637.076903, 122
1650985637.092276, 122
1650985637.109061, 121
1650985637.127525, 123
1650985637.144111, 124
1650985637.160904, 122
1650985637.177481, 122
1650985637.198470, 124
1650985637.215308, 122
1650985637.231279, 121
1650985637.251362, 122
1650985637.268212, 122
1650985637.285538, 122
1650985637.300964, 122
1650985637.319070, 122
1650985637.334722, 123
1650985637.353574, 123
1650985637.370953, 123
1650985637.394372, 122
1650985637.413587, 122
1650985637.431302, 124
1650985637.452938, 122
1650985637.471871, 123
1650985637.489108, 124
1650985637.506479, 123
1650985637.523500, 123
1650985637.540943, 123
1650985637.559317, 123
1650985637.577533, 123
1650985637.597536, 124
1650985637.614691, 123
1650985637.631840, 123
1650985637.649451, 123
1650985637.668398, 122
1650985637.690271, 124
1650985637.708210, 122
1650985637.725147, 122
1650985637.740814, 122
1650985637.756814, 124
1650985637.772744, 125
1650985637.788541, 125
1650985637.803927, 124
1650985637.820480, 125
1650985637.838799, 124
1650985637.854978, 124
1650985637.872363, 125
1650985637.889223, 123
1650985637.904455, 123
1650985637.919609, 123
1650985637.936284, 124
1650985637.951422, 123
1650985637.971299, 122
1650985637.988410, 124
1650985638.008916, 124
1650985638.027923, 124
1650985638.046396, 123
1650985638.064462, 123
1650985638.086345, 121
1650985638.102812, 123
1650985638.118524, 123
1650985638.134751, 124
1650985638.151567, 123
1650985638.170946, 123
1650985638.187337, 124
1650985638.228991, 127
1650985638.254939, 126
1650985638.272377, 124
1650985638.292976, 125
1650985638.309263, 124
1650985638.329435, 124
1650985638.349758, 124
1650985638.367207, 124
1650985638.384877, 124
1650985638.404468, 124
1650985638.421073, 124
1650985638.438265, 125
1650985638.455791, 123
1650985638.471946, 125
1650985638.487549, 123
1650985638.508805, 122
1650985638.528688, 124
1650985638.554097, 122
1650985638.577048, 122
1650985638.597548, 123
1650985638.620315, 123
1650985638.638438, 126
1650985638.657289, 125
1650985638.676124, 124
1650985638.692342, 125
1650985638.708965, 125
1650985638.724577, 124
1650985638.740732, 125
1650985638.759872, 124
1650985638.777776, 125
1650985638.796834, 126
1650985638.814602, 124
1650985638.834172, 124
1650985638.850669, 125
1650985638.868434, 125
1650985638.885425, 125
1650985638.901719, 124
1650985638.921326, 127
1650985638.942793, 124
1650985638.959116, 125
1650985638.974787, 125
1650985638.991285, 123
1650985639.010221, 123
1650985639.029632, 125
1650985639.051839, 123
1650985639.082690, 123
1650985639.102837, 126
1650985639.122699, 126
1650985639.139375, 125
1650985639.155992, 126
1650985639.174773, 126
1650985639.193589, 126
1650985639.212662, 127
1650985639.228947, 125
1650985639.244595, 125
1650985639.262761, 126
1650985639.280248, 126
1650985639.296923, 126
1650985639.316938, 125
1650985639.335490, 127
1650985639.352361, 126
1650985639.386295, 126
1650985639.411046, 125
1650985639.427176, 125
1650985639.445599, 125
1650985639.463194, 125
1650985639.484787, 125
1650985639.505528, 125
1650985639.521722, 125
1650985639.539176, 126
1650985639.555335, 127
1650985639.570983, 127
1650985639.587257, 126
1650985639.604177, 127
1650985639.619962, 125
1650985639.640936, 127
1650985639.660650, 125
1650985639.682550, 126
1650985639.725612, 125
1650985639.744246, 127
1650985639.760417, 125
1650985639.778385, 125
1650985639.794055, 126
1650985639.811288, 127
1650985639.829984, 128
1650985639.848280, 128
1650985639.864165, 126
1650985639.880660, 124
1650985639.897335, 125
1650985639.913700, 125
1650985639.929693, 126
1650985639.946915, 126
1650985639.964436, 126
1650985639.980764, 125
1650985639.996421, 126
1650985640.012684, 128
1650985640.028642, 127
1650985640.046703, 126
1650985640.066626, 129
1650985640.083182, 128
1650985640.100388, 126
1650985640.119557, 128
1650985640.141225, 127
1650985640.157352, 128
1650985640.174361, 128
1650985640.191699, 128
1650985640.214722, 128
1650985640.231339, 129
1650985640.250002, 127
1650985640.266431, 127
1650985640.282084, 128
1650985640.297069, 128
1650985640.314070, 127
1650985640.329421, 126
1650985640.350375, 127
1650985640.367196, 127
1650985640.383542, 126
1650985640.400905, 126
1650985640.421182, 125
1650985640.441420, 127
1650985640.458247, 128
1650985640.477096, 126
1650985640.497864, 129
1650985640.515159, 127
1650985640.531720, 128
1650985640.547760, 127
1650985640.566186, 128
1650985640.581853, 128
1650985640.597366, 128
1650985640.615021, 129
1650985640.631742, 128
1650985640.647562, 128
1650985640.664225, 127
1650985640.680967, 129
1650985640.696933, 128
1650985640.712605, 127
1650985640.728986, 128
1650985640.745224, 128
1650985640.763152, 127
1650985640.783052, 126
1650985640.798810, 127
1650985640.815465, 126
1650985640.835376, 126
1650985640.853855, 127
1650985640.870398, 129
1650985640.889976, 129
1650985640.907862, 127
1650985640.926750, 128
1650985640.949346, 128
1650985640.969266, 129
1650985640.987675, 128
1650985641.004922, 128
1650985641.021518, 127
1650985641.038631, 128
1650985641.054033, 128
1650985641.069549, 128
1650985641.085726, 129
1650985641.101203, 128
1650985641.117019, 128
1650985641.132939, 129
1650985641.152180, 129
1650985641.169197, 129
1650985641.187115, 127
1650985641.208588, 127
1650985641.225806, 128
1650985641.243948, 128
1650985641.261009, 128
1650985641.277462, 127
1650985641.293865, 128
1650985641.309499, 130
1650985641.326121, 128
1650985641.342609, 129
1650985641.357984, 129
1650985641.380984, 129
1650985641.399119, 129
1650985641.415890, 130
1650985641.438279, 128
1650985641.457638, 129
1650985641.473588, 130
1650985641.489953, 129
1650985641.506571, 129
1650985641.522600, 130
1650985641.539193, 129
1650985641.555485, 129
1650985641.572862, 129
1650985641.589367, 130
1650985641.608051, 129
1650985641.626173, 128
1650985641.641086, 128
1650985641.658572, 127
1650985641.677147, 128
1650985641.696476, 127
1650985641.714576, 128
1650985641.735918, 128
1650985641.752245, 129
1650985641.769434, 129
1650985641.789746, 128
1650985641.806480, 131
1650985641.824704, 129
1650985641.841521, 130
1650985641.858999, 130
1650985641.876408, 130
1650985641.894281, 130
1650985641.910603, 130
1650985641.927623, 130
1650985641.946766, 130
1650985641.963956, 129
1650985641.982736, 130
1650985642.005449, 129
1650985642.026766, 131
1650985642.048227, 128
1650985642.064630, 128
1650985642.081918, 129
1650985642.099066, 130
1650985642.116531, 128
1650985642.133270, 130
1650985642.149154, 129
1650985642.167412, 128
1650985642.185031, 131
1650985642.203723, 131
1650985642.222032, 130
1650985642.238505, 130
1650985642.254495, 130
1650985642.270558, 130
1650985642.286724, 130
1650985642.303500, 130
1650985642.319661, 131
1650985642.336752, 129
1650985642.355131, 130
1650985642.372176, 131
1650985642.388959, 130
1650985642.406153, 130
1650985642.422793, 131
1650985642.439332, 131
1650985642.455740, 131
1650985642.475209, 131
1650985642.491095, 132
1650985642.507841, 130
1650985642.524790, 130
1650985642.541217, 130
1650985642.558302, 129
1650985642.573587, 131
1650985642.590392, 130
1650985642.605891, 131
1650985642.621611, 131
1650985642.638397, 133
1650985642.655026, 132
1650985642.670686, 132
1650985642.686800, 133
1650985642.702967, 132
1650985642.719525, 132
1650985642.735509, 132
1650985642.754796, 132
1650985642.772950, 132
1650985642.788629, 133
1650985642.808583, 132
1650985642.824266, 132
1650985642.840822, 132
1650985642.859736, 133
1650985642.877829, 132
1650985642.895266, 131
1650985642.913073, 132
1650985642.929427, 132
1650985642.946047, 130
1650985642.963154, 130
1650985642.980217, 131
1650985642.996962, 130
1650985643.014259, 131
1650985643.029911, 131
1650985643.045901, 131
1650985643.064659, 132
1650985643.080622, 131
1650985643.098872, 133
1650985643.118154, 132
1650985643.133542, 132
1650985643.150678, 132
1650985643.167104, 132
1650985643.184407, 133
1650985643.203578, 131
1650985643.219715, 132
1650985643.237091, 132
1650985643.253581, 132
1650985643.270417, 133
1650985643.290332, 131
1650985643.305903, 132
1650985643.323528, 131
1650985643.339230, 133
1650985643.356112, 130
1650985643.372359, 131
1650985643.389236, 132
1650985643.412560, 132
1650985643.433189, 131
1650985643.451415, 131
1650985643.470651, 131
1650985643.487546, 132
1650985643.503852, 131
1650985643.519941, 131
1650985643.537456, 132
1650985643.555040, 132
1650985643.571094, 133
1650985643.588547, 132
1650985643.604409, 133
1650985643.620606, 132
1650985643.639196, 132
1650985643.660356, 131
1650985643.684217, 134
1650985643.701562, 133
1650985643.720274, 132
1650985643.736845, 132
1650985643.756362, 133
1650985643.774238, 134
1650985643.794647, 133
1650985643.812462, 133
1650985643.830354, 133
1650985643.847761, 132
1650985643.865065, 132
1650985643.881194, 132
1650985643.899965, 132
1650985643.917648, 132
1650985643.936638, 131
1650985643.953599, 130
1650985643.976505, 133
1650985643.993604, 134
1650985644.018547, 131
1650985644.037415, 133
1650985644.053681, 133
1650985644.072053, 132
1650985644.090902, 133
1650985644.107841, 134
1650985644.124569, 131
1650985644.140332, 134
1650985644.156339, 133
1650985644.171868, 133
1650985644.191500, 132
1650985644.211036, 133
1650985644.232306, 133
1650985644.252889, 132
1650985644.271310, 133
1650985644.291473, 131
1650985644.310165, 133
1650985644.328390, 132
1650985644.348492, 132
1650985644.365192, 132
1650985644.382122, 131
1650985644.398684, 132
1650985644.416528, 133
1650985644.432751, 133
1650985644.449087, 134
1650985644.465118, 134
1650985644.484022, 134
1650985644.499693, 133
1650985644.516296, 134
1650985644.534063, 134
1650985644.550580, 135
1650985644.568064, 134
1650985644.585043, 133
1650985644.602149, 135
1650985644.622491, 134
1650985644.640402, 133
1650985644.657919, 134
1650985644.675861, 136
1650985644.691743, 133
1650985644.710454, 135
1650985644.729308, 133
1650985644.749804, 132
1650985644.766414, 133
1650985644.783363, 133
1650985644.801669, 133
1650985644.819503, 134
1650985644.836695, 134
1650985644.858194, 134
1650985644.875401, 134
1650985644.894491, 135
1650985644.915442, 134
1650985644.932562, 134
1650985644.950460, 134
1650985644.966998, 135
1650985644.987298, 134
1650985645.009938, 133
1650985645.029600, 134
1650985645.049253, 134
1650985645.066171, 134
1650985645.088629, 135
1650985645.106147, 134
1650985645.123917, 134
1650985645.142072, 134
1650985645.162207, 135
1650985645.182201, 135
1650985645.202609, 134
1650985645.220826, 134
1650985645.239204, 135
1650985645.255546, 134
1650985645.271139, 133
1650985645.287084, 134
1650985645.303421, 134
1650985645.320377, 134
1650985645.337538, 134
1650985645.353460, 135
1650985645.375177, 136
1650985645.392526, 135
1650985645.411468, 135
1650985645.432214, 134
1650985645.448684, 136
1650985645.464588, 136
1650985645.480969, 135
1650985645.499491, 136
1650985645.516451, 135
1650985645.533585, 135
1650985645.550125, 136
1650985645.571685, 135
1650985645.592095, 135
1650985645.609289, 135
1650985645.627411, 135
1650985645.646612, 136
1650985645.664453, 136
1650985645.681589, 134
1650985645.699175, 134
1650985645.714887, 135
1650985645.732796, 134
1650985645.752204, 133
1650985645.768434, 134
1650985645.785549, 135
1650985645.808193, 135
1650985645.824629, 135
1650985645.841616, 136
1650985645.858685, 136
1650985645.877277, 137
1650985645.893073, 136
1650985645.909062, 136
1650985645.925650, 135
1650985645.942633, 136
1650985645.958405, 137
1650985645.975467, 137
1650985645.994816, 135
1650985646.015088, 136
1650985646.036253, 136
1650985646.056222, 136
1650985646.074831, 136
1650985646.092334, 136
1650985646.107618, 136
1650985646.126449, 136
1650985646.142519, 135
1650985646.158570, 136
1650985646.175231, 134
1650985646.190840, 136
1650985646.206528, 135
1650985646.224837, 136
1650985646.242436, 136
1650985646.260306, 137
1650985646.276327, 137
1650985646.292727, 137
1650985646.311513, 137
1650985646.327261, 134
1650985646.343775, 137
1650985646.361626, 137
1650985646.379031, 136
1650985646.396274, 137
1650985646.415815, 138
1650985646.433505, 138
1650985646.451022, 138
1650985646.469294, 137
1650985646.486319, 137
1650985646.501903, 137
1650985646.517107, 137
1650985646.533406, 138
1650985646.552762, 137
1650985646.570492, 137
1650985646.586681, 136
1650985646.602126, 137
1650985646.617870, 136
1650985646.637555, 136
1650985646.653226, 136
1650985646.669458, 137
1650985646.685800, 137
1650985646.702958, 135
1650985646.720413, 137
1650985646.738152, 137
1650985646.755598, 138
1650985646.776880, 137
1650985646.794802, 137
1650985646.812775, 137
1650985646.830362, 137
1650985646.848297, 137
1650985646.864074, 137
1650985646.880306, 137
1650985646.898606, 138
1650985646.916292, 136
1650985646.936199, 138
1650985646.952720, 136
1650985646.968555, 137
1650985646.984333, 138
1650985647.001231, 137
1650985647.016838, 137
1650985647.032384, 138
1650985647.048729, 136
1650985647.064623, 136
1650985647.080323, 136
1650985647.095321, 136
1650985647.112315, 136
1650985647.128224, 137
1650985647.146486, 136
1650985647.163210, 136
1650985647.184543, 138
1650985647.205512, 137
1650985647.221836, 137
1650985647.243380, 137
1650985647.260213, 138
1650985647.278533, 138
1650985647.296228, 137
1650985647.313295, 136
1650985647.329877, 137
1650985647.346234, 137
1650985647.367650, 138
1650985647.385526, 138
1650985647.404471, 137
1650985647.421458, 136
1650985647.438122, 140
1650985647.455079, 139
1650985647.471307, 138
1650985647.487498, 139
1650985647.503450, 140
1650985647.519119, 137
1650985647.535763, 138
1650985647.553548, 138
1650985647.570017, 138
1650985647.585730, 139
1650985647.604730, 139
1650985647.621549, 137
1650985647.641438, 139
1650985647.657555, 138
1650985647.673592, 139
1650985647.689213, 139
1650985647.706203, 140
1650985647.723460, 139
1650985647.743033, 139
1650985647.760577, 138
1650985647.777560, 138
1650985647.794110, 138
1650985647.814970, 138
1650985647.833715, 138
1650985647.850705, 139
1650985647.868854, 138
1650985647.885411, 138
1650985647.901514, 138
1650985647.917768, 139
1650985647.933885, 138
1650985647.950048, 139
1650985647.965475, 139
1650985647.980803, 136
1650985647.996614, 137
1650985648.015453, 139
1650985648.031788, 138
1650985648.050672, 138
1650985648.068734, 138
1650985648.086339, 138
1650985648.103470, 139
1650985648.118969, 139
1650985648.134666, 139
1650985648.150122, 139
1650985648.167098, 139
1650985648.183623, 138
1650985648.201711, 139
1650985648.219035, 139
1650985648.236224, 138
1650985648.253770, 138
1650985648.271552, 137
1650985648.290878, 139
1650985648.316457, 140
1650985648.336624, 139
1650985648.354780, 140
1650985648.372482, 140
1650985648.391604, 139
1650985648.410460, 140
1650985648.426472, 139
1650985648.441940, 139
1650985648.460660, 137
1650985648.478586, 138
1650985648.498031, 138
1650985648.516808, 138
1650985648.536920, 138
1650985648.554836, 139
1650985648.574019, 139
1650985648.592504, 140
1650985648.612260, 140
1650985648.628967, 141
1650985648.645514, 141
1650985648.661969, 140
1650985648.679816, 141
1650985648.696322, 141
1650985648.716829, 141
1650985648.734423, 141
1650985648.758301, 140
1650985648.778145, 141
1650985648.794470, 141
1650985648.810692, 140
1650985648.829335, 140
1650985648.847788, 141
1650985648.865222, 140
1650985648.881203, 141
1650985648.898801, 140
1650985648.915212, 140
1650985648.931075, 139
1650985648.946804, 139
1650985648.966436, 138
1650985648.982992, 139
1650985649.000360, 139
1650985649.016677, 141
1650985649.037049, 142
1650985649.052664, 141
1650985649.068633, 140
1650985649.090234, 141
1650985649.108125, 141
1650985649.125415, 140
1650985649.141381, 141
1650985649.157380, 141
1650985649.172513, 139
1650985649.190682, 141
1650985649.214243, 141
1650985649.238850, 140
1650985649.260286, 140
1650985649.280993, 140
1650985649.301968, 140
1650985649.322201, 141
1650985649.345643, 141
1650985649.365423, 140
1650985649.382162, 139
1650985649.403299, 138
1650985649.424199, 140
1650985649.439886, 140
1650985649.456321, 141
1650985649.472221, 140
1650985649.487554, 140
1650985649.504285, 141
1650985649.521407, 141
1650985649.536780, 142
1650985649.554469, 141
1650985649.572847, 140
1650985649.590921, 141
1650985649.611550, 142
1650985649.631825, 141
1650985649.648663, 141
1650985649.665838, 140
1650985649.688262, 142
1650985649.705333, 140
1650985649.722189, 141
1650985649.740186, 139
1650985649.756185, 142
1650985649.772466, 141
1650985649.790258, 141
1650985649.806845, 140
1650985649.825541, 141
1650985649.842160, 142
1650985649.857532, 139
1650985649.872705, 141
1650985649.888815, 141
1650985649.904526, 141
1650985649.919644, 140
1650985649.936327, 140
1650985649.952815, 141
1650985649.968625, 142
1650985649.988489, 141
1650985650.007101, 142
1650985650.024841, 142
1650985650.042146, 142
1650985650.059367, 142
1650985650.078308, 142
1650985650.099277, 141
1650985650.116300, 140
1650985650.131980, 142
1650985650.154194, 142
1650985650.171739, 142
1650985650.193085, 141
1650985650.210540, 142
1650985650.228256, 143
1650985650.246337, 141
1650985650.262603, 143
1650985650.279322, 142
1650985650.296576, 142
1650985650.312859, 143
1650985650.331067, 140
1650985650.347649, 140
1650985650.365941, 140
1650985650.382305, 141
1650985650.397816, 141
1650985650.413186, 141
1650985650.428742, 141
1650985650.443814, 142
1650985650.461315, 141
1650985650.477934, 142
1650985650.493096, 143
1650985650.512022, 143
1650985650.528991, 143
1650985650.546052, 143
1650985650.567143, 143
1650985650.586263, 144
1650985650.603537, 142
1650985650.621561, 143
1650985650.639027, 142
1650985650.655963, 143
1650985650.672496, 143
1650985650.689469, 144
1650985650.704739, 143
1650985650.720218, 143
1650985650.735684, 143
1650985650.752633, 144
1650985650.768172, 143
1650985650.786159, 144
1650985650.803605, 141
1650985650.831356, 143
1650985650.849308, 144
1650985650.866490, 141
1650985650.882999, 143
1650985650.904246, 145
1650985650.923158, 143
1650985650.942305, 144
1650985650.959304, 144
1650985650.975641, 144
1650985650.992268, 144
1650985651.008655, 145
1650985651.024709, 143
1650985651.040557, 142
1650985651.062322, 144
1650985651.082349, 144
1650985651.100023, 142
1650985651.122145, 144
1650985651.138923, 143
1650985651.156254, 143
1650985651.172729, 143
1650985651.190784, 144
1650985651.207752, 143
1650985651.225032, 143
1650985651.242394, 143
1650985651.258139, 143
1650985651.275154, 142
1650985651.291637, 143
1650985651.309638, 143
1650985651.325856, 143
1650985651.343406, 144
1650985651.360225, 142
1650985651.379972, 143
1650985651.397809, 144
1650985651.414899, 143
1650985651.432227, 144
1650985651.449550, 142
1650985651.469469, 144
1650985651.486022, 144
1650985651.502284, 144
1650985651.519768, 143
1650985651.537276, 145
1650985651.556211, 143
1650985651.574442, 143
1650985651.591122, 143
1650985651.608199, 144
1650985651.629044, 144
1650985651.645922, 145
1650985651.664558, 143
1650985651.680583, 143
1650985651.698672, 144
1650985651.716297, 143
1650985651.732794, 143
1650985651.750562, 143
1650985651.769221, 143
1650985651.786564, 143
1650985651.805052, 143
1650985651.828745, 143
1650985651.847254, 143
1650985651.863856, 142
1650985651.880436, 145
1650985651.897475, 145
1650985651.913832, 145
1650985651.938527, 144
1650985651.956858, 146
1650985651.974651, 145
1650985651.991911, 146
1650985652.009348, 145
1650985652.024955, 145
1650985652.041732, 146
1650985652.060499, 146
1650985652.076830, 145
1650985652.093058, 147
1650985652.110348, 146
1650985652.127894, 145
1650985652.144886, 145
1650985652.162182, 146
1650985652.178512, 145
1650985652.194817, 146
1650985652.212396, 147
1650985652.230539, 143
1650985652.247606, 143
1650985652.264521, 143
1650985652.280508, 143
1650985652.297181, 143
1650985652.313042, 145
1650985652.329623, 143
1650985652.346951, 145
1650985652.366281, 144
1650985652.384775, 145
1650985652.401674, 146
1650985652.417384, 145
1650985652.432894, 144
1650985652.450746, 145
1650985652.466494, 146
1650985652.481467, 145
1650985652.497588, 145
1650985652.514948, 144
1650985652.532661, 145
1650985652.552215, 144
1650985652.573473, 144
1650985652.589098, 145
1650985652.612264, 145
1650985652.628911, 144
1650985652.647236, 145
1650985652.664268, 145
1650985652.681171, 146
1650985652.698245, 144
1650985652.715327, 145
1650985652.733972, 145
1650985652.751706, 143
1650985652.768632, 144
1650985652.788181, 144
1650985652.805348, 144
1650985652.823376, 146
1650985652.840388, 145
1650985652.857879, 145
1650985652.874346, 146
1650985652.892299, 145
1650985652.912757, 145
1650985652.928658, 147
1650985652.945136, 145
1650985652.960709, 146
1650985652.979477, 145
1650985652.996612, 146
1650985653.013746, 145
1650985653.028551, 146
1650985653.046577, 146
1650985653.063372, 146
1650985653.081634, 146
1650985653.098574, 147
1650985653.114652, 145
1650985653.131829, 144
1650985653.156124, 146
1650985653.172177, 146
1650985653.191990, 142
1650985653.208781, 145
1650985653.225367, 146
1650985653.244003, 144
1650985653.261057, 145
1650985653.277175, 145
1650985653.295178, 145
1650985653.315327, 146
1650985653.335971, 146
1650985653.351773, 146
1650985653.368286, 146
1650985653.384861, 146
1650985653.400660, 146
1650985653.417369, 145
1650985653.433498, 147
1650985653.453481, 147
1650985653.471520, 147
1650985653.488311, 147
1650985653.504839, 148
1650985653.521948, 146
1650985653.539491, 146
1650985653.559069, 147
1650985653.576812, 146
1650985653.594800, 146
1650985653.614144, 148
1650985653.632969, 146
1650985653.649116, 146
1650985653.667370, 146
1650985653.685012, 145
1650985653.702786, 146
1650985653.721125, 146
1650985653.740906, 146
1650985653.756703, 145
1650985653.773241, 146
1650985653.791693, 147
1650985653.808214, 146
1650985653.826452, 147
1650985653.843218, 147
1650985653.862043, 147
1650985653.880460, 146
1650985653.898958, 147
1650985653.918512, 148
1650985653.939193, 147
1650985653.957450, 146
1650985653.975129, 147
1650985653.991704, 148
1650985654.008247, 146
1650985654.027845, 148
1650985654.045416, 148
1650985654.064490, 147
1650985654.082318, 147
1650985654.098688, 147
1650985654.115443, 147
1650985654.132921, 147
1650985654.149335, 146
1650985654.165395, 146
1650985654.180589, 146
1650985654.199182, 145
1650985654.214822, 147
1650985654.232011, 148
1650985654.255102, 146
1650985654.276031, 148
1650985654.292176, 148
1650985654.308569, 147
1650985654.326605, 148
1650985654.344405, 148
1650985654.363427, 147
1650985654.380956, 148
1650985654.398710, 148
1650985654.415436, 147
1650985654.431722, 148
1650985654.449277, 147
1650985654.465542, 148
1650985654.481085, 147
1650985654.499123, 147
1650985654.515199, 146
1650985654.532895, 147
1650985654.553539, 148
1650985654.569351, 148
1650985654.590209, 148
1650985654.607867, 148
1650985654.627177, 146
1650985654.646667, 145
1650985654.663965, 147
1650985654.681457, 147
1650985654.696827, 147
1650985654.713467, 147
1650985654.729709, 147
1650985654.746267, 146
1650985654.764556, 149
1650985654.782851, 149
1650985654.799377, 148
1650985654.816632, 147
1650985654.837664, 147
1650985654.853657, 148
1650985654.869493, 148
1650985654.888383, 149
1650985654.905508, 149
1650985654.921452, 147
1650985654.936634, 150
1650985654.952244, 149
1650985654.969021, 149
1650985654.984737, 148
1650985655.001130, 149
1650985655.020998, 147
1650985655.039482, 148
1650985655.058070, 149
1650985655.075819, 150
1650985655.095210, 149
1650985655.112408, 148
1650985655.132314, 149
1650985655.149508, 148
1650985655.166294, 149
1650985655.183255, 147
1650985655.204210, 148
1650985655.220311, 148
1650985655.236555, 150
1650985655.252345, 150
1650985655.269158, 150
1650985655.290573, 151
1650985655.307057, 150
1650985655.323244, 151
1650985655.339804, 151
1650985655.357484, 150
1650985655.378582, 149
1650985655.394823, 150
1650985655.415214, 151
1650985655.432444, 150
1650985655.450331, 150
1650985655.466540, 149
1650985655.483722, 150
1650985655.500320, 149
1650985655.520835, 150
1650985655.536834, 149
1650985655.556575, 150
1650985655.572010, 149
1650985655.591715, 150
1650985655.609348, 148
1650985655.626220, 149
1650985655.646259, 148
1650985655.666496, 147
1650985655.682889, 147
1650985655.700775, 148
1650985655.721213, 149
1650985655.740160, 149
1650985655.761028, 150
1650985655.776176, 150
1650985655.792505, 151
1650985655.813254, 150
1650985655.829826, 150
1650985655.849090, 148
1650985655.865591, 150
1650985655.881737, 150
1650985655.899958, 149
1650985655.916816, 150
1650985655.932281, 151
1650985655.948787, 149
1650985655.965388, 150
1650985655.985431, 149
1650985656.001088, 149
1650985656.017884, 151
1650985656.036281, 150
1650985656.052369, 150
1650985656.068976, 150
1650985656.084777, 149
1650985656.100828, 149
1650985656.116957, 148
1650985656.132603, 150
1650985656.153013, 148
1650985656.170429, 147
1650985656.188124, 150
1650985656.205751, 150
1650985656.221640, 149
1650985656.238118, 149
1650985656.254034, 150
1650985656.270915, 150
1650985656.287023, 151
1650985656.303163, 150
1650985656.319408, 151
1650985656.335516, 151
1650985656.353713, 151
1650985656.372997, 150
1650985656.390626, 149
1650985656.407885, 150
1650985656.428342, 151
1650985656.445947, 150
1650985656.461735, 151
1650985656.478456, 151
1650985656.496320, 151
1650985656.515555, 151
1650985656.534614, 152
1650985656.552671, 152
1650985656.570858, 151
1650985656.589280, 150
1650985656.611334, 151
1650985656.627756, 148
1650985656.644193, 150
1650985656.660498, 150
1650985656.676278, 149
1650985656.693321, 150
1650985656.711079, 151
1650985656.727226, 150
1650985656.744165, 151
1650985656.760475, 151
1650985656.776717, 151
1650985656.792524, 151
1650985656.808303, 151
1650985656.824732, 151
1650985656.843559, 150
1650985656.863590, 151
1650985656.880333, 151
1650985656.896076, 151
1650985656.913089, 151
1650985656.929530, 151
1650985656.946572, 151
1650985656.963682, 152
1650985656.982205, 151
1650985657.000192, 152
1650985657.016281, 153
1650985657.032217, 152
1650985657.047126, 152
1650985657.064787, 151
1650985657.082203, 151
1650985657.098821, 151
1650985657.114696, 151
1650985657.131907, 152
1650985657.149280, 152
1650985657.164352, 152
1650985657.180262, 151
1650985657.197575, 151
1650985657.213448, 153
1650985657.229217, 152
1650985657.244736, 152
1650985657.260453, 153
1650985657.276013, 153
1650985657.293286, 152
1650985657.309246, 154
1650985657.327066, 153
1650985657.342305, 152
1650985657.358587, 152
1650985657.374771, 151
1650985657.391880, 152
1650985657.408278, 153
1650985657.424727, 152
1650985657.441566, 151
1650985657.457370, 151
1650985657.473691, 151
1650985657.488983, 152
1650985657.504584, 151
1650985657.520582, 152
1650985657.536274, 152
1650985657.551702, 152
1650985657.568248, 150
1650985657.584680, 151
1650985657.600227, 152
1650985657.618748, 150
1650985657.635690, 151
1650985657.652814, 150
1650985657.669555, 151
1650985657.691199, 152
1650985657.713845, 151
1650985657.731525, 152
1650985657.751674, 151
1650985657.768289, 153
1650985657.785755, 153
1650985657.804451, 152
1650985657.824295, 152
1650985657.842278, 152
1650985657.860605, 151
1650985657.881137, 153
1650985657.903977, 152
1650985657.920752, 153
1650985657.937056, 151
1650985657.954506, 151
1650985657.971589, 152
1650985657.989094, 152
1650985658.005078, 152
1650985658.026274, 153
1650985658.042870, 153
1650985658.059015, 153
1650985658.076278, 151
1650985658.093616, 152
1650985658.110094, 152
1650985658.126762, 152
1650985658.142098, 152
1650985658.158178, 152
1650985658.174858, 152
1650985658.198953, 154
1650985658.216795, 153
1650985658.233610, 153
1650985658.255120, 155
1650985658.272500, 155
1650985658.289900, 153
1650985658.306323, 153
1650985658.325138, 154
1650985658.348689, 154
1650985658.368387, 152
1650985658.384730, 154
1650985658.401882, 154
1650985658.420295, 154
1650985658.440847, 155
1650985658.456349, 154
1650985658.472307, 155
1650985658.488202, 155
1650985658.505356, 154
1650985658.527248, 154
1650985658.543633, 155
1650985658.560289, 154
1650985658.578234, 153
1650985658.595657, 151
1650985658.612958, 153
1650985658.630320, 152
1650985658.645722, 152
1650985658.662961, 152
1650985658.679364, 154
1650985658.695864, 152
1650985658.712724, 153
1650985658.730193, 154
1650985658.746940, 152
1650985658.765131, 151
1650985658.782625, 154
1650985658.801025, 154
1650985658.817177, 154
1650985658.833541, 154
1650985658.849077, 153
1650985658.864401, 154
1650985658.882146, 154
1650985658.901488, 153
1650985658.920050, 154
1650985658.937857, 155
1650985658.955027, 154
1650985658.972496, 154
1650985658.989210, 154
1650985659.008575, 153
1650985659.025352, 154
1650985659.041227, 153
1650985659.058413, 155
1650985659.074785, 154
1650985659.091391, 152
1650985659.107908, 154
1650985659.124858, 154
1650985659.140474, 153
1650985659.155774, 153
1650985659.173345, 153
1650985659.192769, 155
1650985659.208263, 154
1650985659.223880, 154
1650985659.241114, 154
1650985659.257918, 154
1650985659.276762, 153
1650985659.292366, 155
1650985659.308895, 154
1650985659.326142, 154
1650985659.342321, 155
1650985659.359964, 155
1650985659.375536, 153
1650985659.392463, 154
1650985659.408545, 154
1650985659.424411, 154
1650985659.440494, 154
1650985659.458867, 154
1650985659.476729, 153
1650985659.492837, 155
1650985659.510629, 153
1650985659.528423, 154
1650985659.546064, 155
1650985659.562737, 154
1650985659.578453, 154
1650985659.596351, 155
1650985659.614992, 154
1650985659.634602, 155
1650985659.653019, 153
1650985659.669682, 155
1650985659.685789, 154
1650985659.702231, 154
1650985659.721856, 155
1650985659.738239, 156
1650985659.756291, 154
1650985659.773998, 154
1650985659.793493, 156
1650985659.812927, 155
1650985659.828592, 154
1650985659.844525, 156
1650985659.860231, 155
1650985659.876631, 155
1650985659.896546, 153
1650985659.918812, 155
1650985659.935309, 155
1650985659.955258, 155
1650985659.971818, 156
1650985659.988553, 155
1650985660.006579, 155
1650985660.025697, 155
1650985660.044518, 155
1650985660.060378, 156
1650985660.079006, 153
1650985660.099183, 154
1650985660.116481, 154
1650985660.132810, 155
1650985660.149877, 154
1650985660.166301, 153
1650985660.181920, 154
1650985660.197297, 153
1650985660.214695, 154
1650985660.233373, 156
1650985660.250762, 156
1650985660.271336, 153
1650985660.288446, 155
1650985660.305103, 155
1650985660.321349, 155
1650985660.338040, 155
1650985660.356617, 157
1650985660.373986, 155
1650985660.391725, 156
1650985660.409851, 156
1650985660.427872, 156
1650985660.444503, 155
1650985660.463173, 156
1650985660.479488, 156
1650985660.496765, 157
1650985660.513185, 155
1650985660.535146, 156
1650985660.551786, 155
1650985660.568255, 155
1650985660.585419, 156
1650985660.601749, 155
1650985660.622366, 154
1650985660.640184, 155
1650985660.657520, 154
1650985660.673493, 154
1650985660.689774, 155
1650985660.706930, 155
1650985660.725195, 155
1650985660.742193, 155
1650985660.762457, 156
1650985660.779100, 156
1650985660.800407, 156
1650985660.816452, 156
1650985660.832381, 157
1650985660.848899, 157
1650985660.864655, 156
1650985660.884145, 156
1650985660.899719, 154
1650985660.915581, 156
1650985660.932690, 156
1650985660.948306, 156
1650985660.964681, 155
1650985660.980300, 156
1650985660.997134, 155
1650985661.012387, 157
1650985661.030892, 155
1650985661.046349, 157
1650985661.062765, 157
1650985661.079516, 157
1650985661.095512, 156
1650985661.115889, 157
1650985661.132258, 157
1650985661.148540, 157
1650985661.164139, 156
1650985661.180746, 157
1650985661.196365, 156
1650985661.212203, 157
1650985661.231824, 157
1650985661.252401, 156
1650985661.268849, 158
1650985661.2912