1650985085.664793, 0
1650985085.686627, 1
1650985085.703175, 0
1650985085.721507, 0
1650985085.762094, 8
1650985085.778181, 4
1650985085.794174, 10
1650985085.811435, 10
1650985085.827917, 9
1650985085.847579, 9
1650985085.865352, 8
1650985085.884392, 6
1650985085.900969, 9
1650985085.921954, 8
1650985085.938397, 9
1650985085.959181, 8
1650985085.978053, 10
1650985085.994715, 8
1650985086.012183, 6
1650985086.028536, 4
1650985086.046697, 3
1650985086.064183, 2
1650985086.080428, 3
1650985086.096380, 2
1650985086.113457, 4
1650985086.132698, 3
1650985086.155436, 3
1650985086.173551, 5
1650985086.193089, 5
1650985086.210524, 3
1650985086.228100, 4
1650985086.246126, 4
1650985086.273179, 6
1650985086.297748, 5
1650985086.323554, 4
1650985086.342857, 7
1650985086.359953, 6
1650985086.378832, 6
1650985086.395724, 9
1650985086.428691, 8
1650985086.447322, 8
1650985086.464817, 8
1650985086.482577, 8
1650985086.502410, 8
1650985086.519876, 8
1650985086.535372, 8
1650985086.551608, 8
1650985086.566883, 9
1650985086.584888, 9
1650985086.600943, 9
1650985086.617369, 9
1650985086.634128, 9
1650985086.653874, 4
1650985086.670336, 3
1650985086.685813, 3
1650985086.701500, 3
1650985086.716679, 5
1650985086.732201, 2
1650985086.750582, 3
1650985086.766878, 3
1650985086.784943, 4
1650985086.801085, 4
1650985086.816786, 5
1650985086.831679, 3
1650985086.847839, 5
1650985086.866634, 5
1650985086.883557, 5
1650985086.900944, 5
1650985086.917598, 6
1650985086.934635, 5
1650985086.953333, 6
1650985086.970831, 6
1650985086.988433, 7
1650985087.006814, 8
1650985087.022820, 9
1650985087.040517, 8
1650985087.057927, 8
1650985087.074048, 9
1650985087.089654, 7
1650985087.105018, 8
1650985087.120594, 9
1650985087.140409, 9
1650985087.155380, 8
1650985087.171248, 7
1650985087.189260, 3
1650985087.209203, 4
1650985087.224890, 2
1650985087.240849, 2
1650985087.258788, 2
1650985087.276976, 3
1650985087.293851, 2
1650985087.311220, 2
1650985087.328572, 4
1650985087.347715, 4
1650985087.363821, 4
1650985087.381252, 5
1650985087.398083, 4
1650985087.416485, 7
1650985087.433340, 5
1650985087.449353, 6
1650985087.465667, 7
1650985087.481330, 6
1650985087.496871, 7
1650985087.512746, 6
1650985087.528568, 6
1650985087.544615, 7
1650985087.561273, 9
1650985087.577938, 7
1650985087.593677, 9
1650985087.611204, 7
1650985087.630786, 8
1650985087.648214, 9
1650985087.665159, 8
1650985087.680998, 8
1650985087.697053, 9
1650985087.715845, 8
1650985087.732419, 8
1650985087.750266, 8
1650985087.768225, 2
1650985087.784689, 3
1650985087.801403, 2
1650985087.819885, 2
1650985087.838212, 4
1650985087.854983, 2
1650985087.871930, 3
1650985087.888444, 3
1650985087.904429, 4
1650985087.920759, 5
1650985087.937371, 4
1650985087.953242, 4
1650985087.971013, 5
1650985087.987583, 5
1650985088.002933, 5
1650985088.021308, 6
1650985088.038745, 6
1650985088.054993, 6
1650985088.072188, 5
1650985088.089149, 6
1650985088.106826, 8
1650985088.122909, 7
1650985088.139751, 8
1650985088.157110, 8
1650985088.173026, 8
1650985088.188427, 8
1650985088.205310, 10
1650985088.221410, 8
1650985088.238088, 10
1650985088.258084, 9
1650985088.273537, 8
1650985088.289663, 8
1650985088.305298, 8
1650985088.321678, 3
1650985088.337696, 3
1650985088.353102, 3
1650985088.368797, 1
1650985088.384882, 3
1650985088.402334, 3
1650985088.418412, 2
1650985088.435127, 3
1650985088.452884, 4
1650985088.469790, 4
1650985088.486236, 4
1650985088.502046, 5
1650985088.519087, 4
1650985088.534927, 6
1650985088.551921, 5
1650985088.568953, 6
1650985088.585036, 6
1650985088.602104, 6
1650985088.619711, 6
1650985088.636547, 6
1650985088.653689, 8
1650985088.669686, 8
1650985088.685392, 6
1650985088.702107, 8
1650985088.719813, 8
1650985088.736344, 8
1650985088.753592, 9
1650985088.770451, 10
1650985088.787348, 9
1650985088.804710, 9
1650985088.820288, 8
1650985088.836399, 9
1650985088.853761, 9
1650985088.869901, 6
1650985088.888386, 4
1650985088.904096, 2
1650985088.920434, 3
1650985088.936889, 2
1650985088.953271, 3
1650985088.969254, 3
1650985088.989068, 3
1650985089.005599, 3
1650985089.022398, 4
1650985089.041788, 4
1650985089.058917, 5
1650985089.075165, 5
1650985089.090916, 5
1650985089.107671, 7
1650985089.124191, 6
1650985089.141634, 7
1650985089.185589, 5
1650985089.202450, 7
1650985089.217990, 9
1650985089.235679, 6
1650985089.253071, 8
1650985089.269167, 8
1650985089.285755, 7
1650985089.301040, 9
1650985089.317243, 7
1650985089.333820, 9
1650985089.351798, 10
1650985089.368208, 9
1650985089.384711, 7
1650985089.402755, 8
1650985089.418110, 8
1650985089.435197, 2
1650985089.452315, 2
1650985089.469270, 2
1650985089.488720, 3
1650985089.506161, 3
1650985089.522573, 3
1650985089.539225, 3
1650985089.555882, 4
1650985089.571637, 4
1650985089.587683, 4
1650985089.603418, 5
1650985089.628432, 3
1650985089.644390, 7
1650985089.659899, 5
1650985089.675523, 7
1650985089.691401, 6
1650985089.708463, 7
1650985089.725373, 5
1650985089.748216, 7
1650985089.764990, 7
1650985089.783233, 9
1650985089.799653, 7
1650985089.816309, 9
1650985089.832713, 7
1650985089.848267, 9
1650985089.863943, 8
1650985089.882917, 10
1650985089.913168, 8
1650985089.930447, 9
1650985089.949875, 8
1650985089.966081, 4
1650985089.982950, 3
1650985090.001306, 2
1650985090.017074, 3
1650985090.033590, 3
1650985090.050224, 3
1650985090.072763, 3
1650985090.092270, 3
1650985090.108688, 4
1650985090.124908, 4
1650985090.141394, 4
1650985090.159143, 5
1650985090.176255, 4
1650985090.193597, 4
1650985090.212430, 6
1650985090.232252, 5
1650985090.247814, 7
1650985090.264637, 7
1650985090.284969, 8
1650985090.301295, 6
1650985090.317970, 6
1650985090.337245, 9
1650985090.354801, 7
1650985090.372921, 7
1650985090.388278, 8
1650985090.405294, 8
1650985090.422385, 9
1650985090.437843, 8
1650985090.454729, 9
1650985090.470545, 10
1650985090.487697, 10
1650985090.507708, 9
1650985090.525331, 8
1650985090.540998, 9
1650985090.556937, 1
1650985090.575177, 3
1650985090.592014, 3
1650985090.609756, 3
1650985090.626473, 2
1650985090.643546, 3
1650985090.660033, 3
1650985090.676943, 3
1650985090.694553, 4
1650985090.710079, 3
1650985090.725336, 6
1650985090.743576, 5
1650985090.759991, 4
1650985090.776043, 5
1650985090.791887, 6
1650985090.807735, 5
1650985090.826379, 6
1650985090.842445, 6
1650985090.859772, 7
1650985090.875615, 6
1650985090.892596, 7
1650985090.908807, 8
1650985090.925698, 9
1650985090.944990, 7
1650985090.962564, 8
1650985090.979344, 9
1650985090.996980, 9
1650985091.014015, 8
1650985091.030323, 9
1650985091.047159, 9
1650985091.064191, 8
1650985091.080510, 8
1650985091.096273, 8
1650985091.113695, 3
1650985091.132086, 3
1650985091.150169, 2
1650985091.168233, 2
1650985091.184172, 3
1650985091.201494, 3
1650985091.217589, 4
1650985091.235045, 4
1650985091.253197, 3
1650985091.268991, 3
1650985091.284447, 4
1650985091.301469, 5
1650985091.317194, 4
1650985091.332414, 5
1650985091.349323, 6
1650985091.365876, 5
1650985091.381059, 6
1650985091.398616, 5
1650985091.416669, 5
1650985091.433112, 6
1650985091.448671, 7
1650985091.465840, 8
1650985091.483379, 8
1650985091.500104, 8
1650985091.516625, 8
1650985091.532697, 8
1650985091.553192, 10
1650985091.569978, 9
1650985091.587424, 9
1650985091.605675, 9
1650985091.621956, 8
1650985091.639559, 9
1650985091.657027, 8
1650985091.673798, 2
1650985091.692948, 2
1650985091.709281, 3
1650985091.726237, 2
1650985091.743833, 4
1650985091.759270, 3
1650985091.775512, 3
1650985091.791643, 2
1650985091.807909, 3
1650985091.826545, 5
1650985091.841720, 4
1650985091.860093, 5
1650985091.877202, 6
1650985091.894331, 5
1650985091.910843, 6
1650985091.927080, 6
1650985091.943407, 7
1650985091.960238, 6
1650985091.978567, 7
1650985091.995222, 6
1650985092.012255, 9
1650985092.030040, 8
1650985092.049931, 9
1650985092.066369, 8
1650985092.082356, 8
1650985092.099744, 8
1650985092.117384, 9
1650985092.133589, 10
1650985092.149410, 8
1650985092.165645, 9
1650985092.184221, 8
1650985092.201912, 5
1650985092.221585, 2
1650985092.237346, 3
1650985092.253282, 2
1650985092.268943, 3
1650985092.284705, 2
1650985092.301805, 3
1650985092.319382, 4
1650985092.340212, 2
1650985092.356591, 4
1650985092.371694, 3
1650985092.392335, 3
1650985092.412696, 5
1650985092.429808, 5
1650985092.446687, 5
1650985092.465009, 7
1650985092.481569, 5
1650985092.498836, 5
1650985092.520312, 6
1650985092.537040, 7
1650985092.555569, 7
1650985092.573458, 8
1650985092.593158, 7
1650985092.611546, 7
1650985092.628689, 8
1650985092.647434, 9
1650985092.666023, 8
1650985092.681711, 10
1650985092.699992, 8
1650985092.721348, 9
1650985092.737693, 8
1650985092.756710, 8
1650985092.774322, 10
1650985092.790716, 6
1650985092.807368, 4
1650985092.824764, 2
1650985092.841107, 3
1650985092.859303, 3
1650985092.879138, 4
1650985092.898154, 3
1650985092.918971, 2
1650985092.939583, 4
1650985092.957156, 3
1650985092.976953, 4
1650985092.994994, 4
1650985093.011701, 3
1650985093.027930, 5
1650985093.043749, 6
1650985093.060411, 5
1650985093.077763, 6
1650985093.095393, 5
1650985093.112858, 6
1650985093.130194, 8
1650985093.145667, 8
1650985093.161709, 6
1650985093.180173, 7
1650985093.197019, 8
1650985093.214468, 7
1650985093.230985, 8
1650985093.248255, 7
1650985093.263933, 9
1650985093.279207, 9
1650985093.295215, 9
1650985093.312680, 7
1650985093.331447, 10
1650985093.347948, 8
1650985093.364261, 1
1650985093.382720, 3
1650985093.398388, 2
1650985093.415721, 4
1650985093.434573, 1
1650985093.452330, 3
1650985093.469139, 4
1650985093.484849, 2
1650985093.500224, 5
1650985093.517797, 3
1650985093.535360, 5
1650985093.551678, 5
1650985093.570549, 4
1650985093.586819, 5
1650985093.603326, 5
1650985093.621329, 6
1650985093.637119, 6
1650985093.652624, 6
1650985093.668647, 6
1650985093.686097, 6
1650985093.703920, 8
1650985093.721874, 8
1650985093.740944, 7
1650985093.760447, 6
1650985093.776926, 8
1650985093.795534, 7
1650985093.811951, 8
1650985093.827364, 8
1650985093.845227, 9
1650985093.862526, 7
1650985093.878586, 7
1650985093.894239, 5
1650985093.910978, 3
1650985093.928853, 3
1650985093.948280, 3
1650985093.969236, 2
1650985093.987067, 4
1650985094.008211, 5
1650985094.024240, 3
1650985094.039960, 3
1650985094.057377, 3
1650985094.074955, 4
1650985094.091396, 4
1650985094.108405, 4
1650985094.125387, 6
1650985094.142033, 5
1650985094.158680, 6
1650985094.187389, 6
1650985094.206309, 6
1650985094.223120, 6
1650985094.240400, 6
1650985094.256880, 8
1650985094.273840, 7
1650985094.289840, 6
1650985094.305378, 9
1650985094.324307, 8
1650985094.341592, 7
1650985094.357383, 8
1650985094.377067, 10
1650985094.395030, 8
1650985094.413973, 7
1650985094.431047, 6
1650985094.449416, 4
1650985094.466656, 4
1650985094.485342, 3
1650985094.502381, 1
1650985094.519633, 3
1650985094.539076, 2
1650985094.556396, 5
1650985094.576248, 3
1650985094.595035, 3
1650985094.613792, 3
1650985094.630204, 3
1650985094.646993, 4
1650985094.665168, 4
1650985094.680745, 4
1650985094.698762, 4
1650985094.715162, 4
1650985094.735667, 5
1650985094.752039, 6
1650985094.769224, 4
1650985094.785792, 6
1650985094.802178, 8
1650985094.820287, 7
1650985094.836616, 9
1650985094.852585, 7
1650985094.868749, 8
1650985094.885089, 7
1650985094.907282, 5
1650985094.924248, 8
1650985094.944885, 9
1650985094.961259, 9
1650985094.976815, 10
1650985094.992917, 8
1650985095.008657, 8
1650985095.024419, 7
1650985095.039961, 2
1650985095.055237, 1
1650985095.077356, 2
1650985095.092388, 3
1650985095.109643, 2
1650985095.125014, 2
1650985095.146112, 3
1650985095.164492, 3
1650985095.182007, 2
1650985095.200583, 4
1650985095.221023, 5
1650985095.239758, 4
1650985095.261734, 5
1650985095.281774, 4
1650985095.297531, 6
1650985095.315820, 6
1650985095.335988, 6
1650985095.353943, 5
1650985095.371070, 6
1650985095.390455, 8
1650985095.412143, 7
1650985095.430399, 8
1650985095.449894, 7
1650985095.468820, 8
1650985095.488124, 7
1650985095.504205, 9
1650985095.521313, 9
1650985095.542507, 10
1650985095.560860, 7
1650985095.576772, 7
1650985095.596349, 6
1650985095.615342, 4
1650985095.632828, 2
1650985095.650270, 2
1650985095.668591, 2
1650985095.684032, 3
1650985095.699702, 4
1650985095.716389, 2
1650985095.733156, 3
1650985095.749995, 3
1650985095.766075, 4
1650985095.783192, 4
1650985095.800124, 5
1650985095.817871, 4
1650985095.833361, 4
1650985095.850049, 5
1650985095.870624, 5
1650985095.888146, 5
1650985095.905615, 6
1650985095.922547, 6
1650985095.938856, 6
1650985095.959659, 6
1650985095.977600, 7
1650985095.994913, 6
1650985096.011659, 7
1650985096.035834, 8
1650985096.052803, 7
1650985096.068833, 8
1650985096.085201, 9
1650985096.104225, 9
1650985096.120202, 9
1650985096.139610, 7
1650985096.158292, 9
1650985096.174856, 8
1650985096.190504, 5
1650985096.207520, 2
1650985096.224481, 2
1650985096.240497, 2
1650985096.258758, 2
1650985096.275201, 3
1650985096.291498, 4
1650985096.307671, 2
1650985096.323703, 5
1650985096.340485, 4
1650985096.356356, 4
1650985096.373131, 3
1650985096.389601, 6
1650985096.408874, 6
1650985096.424687, 5
1650985096.440176, 5
1650985096.456733, 5
1650985096.475562, 6
1650985096.491942, 7
1650985096.512514, 7
1650985096.528515, 9
1650985096.547686, 7
1650985096.566906, 7
1650985096.593683, 9
1650985096.610640, 9
1650985096.628171, 6
1650985096.645780, 10
1650985096.663066, 9
1650985096.681396, 8
1650985096.698837, 8
1650985096.719316, 5
1650985096.739113, 3
1650985096.755259, 1
1650985096.773750, 3
1650985096.790219, 3
1650985096.812315, 1
1650985096.828170, 3
1650985096.845405, 4
1650985096.862738, 3
1650985096.879781, 3
1650985096.899627, 4
1650985096.916267, 3
1650985096.932102, 4
1650985096.950515, 5
1650985096.967876, 5
1650985096.984181, 5
1650985097.000295, 5
1650985097.018669, 4
1650985097.035194, 6
1650985097.052303, 6
1650985097.070445, 7
1650985097.087633, 7
1650985097.107136, 8
1650985097.125569, 7
1650985097.141406, 7
1650985097.160601, 7
1650985097.176753, 9
1650985097.191727, 8
1650985097.207530, 8
1650985097.224447, 9
1650985097.245105, 8
1650985097.264247, 9
1650985097.281869, 8
1650985097.300578, 3
1650985097.319264, 1
1650985097.338706, 3
1650985097.357758, 3
1650985097.378175, 3
1650985097.396353, 2
1650985097.414448, 5
1650985097.431066, 4
1650985097.451357, 4
1650985097.470097, 3
1650985097.486445, 6
1650985097.505896, 5
1650985097.527432, 5
1650985097.546019, 5
1650985097.563905, 4
1650985097.582623, 6
1650985097.598015, 6
1650985097.614538, 6
1650985097.630681, 5
1650985097.652317, 8
1650985097.672769, 8
1650985097.690396, 8
1650985097.707077, 9
1650985097.724924, 7
1650985097.742999, 7
1650985097.759370, 9
1650985097.775127, 9
1650985097.794700, 10
1650985097.811896, 9
1650985097.828277, 9
1650985097.844822, 9
1650985097.861094, 5
1650985097.877250, 3
1650985097.893386, 1
1650985097.909694, 3
1650985097.925285, 3
1650985097.940173, 3
1650985097.955065, 4
1650985097.970843, 3
1650985097.986159, 4
1650985098.003467, 4
1650985098.019614, 4
1650985098.035660, 4
1650985098.051709, 5
1650985098.068863, 5
1650985098.084575, 6
1650985098.105438, 5
1650985098.121162, 6
1650985098.140575, 4
1650985098.157168, 6
1650985098.175870, 6
1650985098.191642, 7
1650985098.207781, 8
1650985098.226042, 6
1650985098.245990, 7
1650985098.262802, 8
1650985098.279346, 8
1650985098.297202, 8
1650985098.313672, 7
1650985098.329534, 9
1650985098.346225, 10
1650985098.361006, 10
1650985098.377229, 8
1650985098.393566, 8
1650985098.410497, 8
1650985098.427473, 7
1650985098.444556, 3
1650985098.462349, 1
1650985098.479885, 2
1650985098.499763, 3
1650985098.518845, 4
1650985098.536446, 3
1650985098.553726, 3
1650985098.571447, 4
1650985098.596575, 2
1650985098.612767, 5
1650985098.629431, 6
1650985098.646373, 5
1650985098.664982, 4
1650985098.680879, 6
1650985098.697408, 6
1650985098.713416, 5
1650985098.732466, 6
1650985098.749199, 7
1650985098.765061, 7
1650985098.783879, 7
1650985098.799848, 7
1650985098.818953, 7
1650985098.836251, 6
1650985098.852349, 8
1650985098.873411, 7
1650985098.889253, 8
1650985098.908985, 8
1650985098.932948, 9
1650985098.951610, 8
1650985098.969180, 4
1650985098.985854, 4
1650985099.003811, 1
1650985099.022018, 2
1650985099.039339, 3
1650985099.056623, 2
1650985099.077056, 2
1650985099.098830, 4
1650985099.118080, 3
1650985099.133944, 3
1650985099.152220, 4
1650985099.169487, 4
1650985099.191117, 4
1650985099.208440, 5
1650985099.226452, 5
1650985099.244894, 5
1650985099.260320, 7
1650985099.277809, 6
1650985099.294619, 6
1650985099.311162, 6
1650985099.328658, 8
1650985099.346214, 6
1650985099.364441, 9
1650985099.379873, 8
1650985099.396718, 8
1650985099.413127, 8
1650985099.429814, 9
1650985099.446468, 9
1650985099.464461, 10
1650985099.481395, 8
1650985099.496516, 7
1650985099.515629, 8
1650985099.532670, 9
1650985099.550222, 2
1650985099.568665, 3
1650985099.585287, 2
1650985099.600924, 3
1650985099.618559, 2
1650985099.635200, 3
1650985099.655076, 3
1650985099.670977, 4
1650985099.690645, 3
1650985099.707732, 4
1650985099.724163, 5
1650985099.740891, 4
1650985099.758506, 3
1650985099.774027, 6
1650985099.790190, 5
1650985099.805986, 6
1650985099.821538, 4
1650985099.838893, 5
1650985099.855764, 6
1650985099.873285, 7
1650985099.889617, 7
1650985099.907832, 8
1650985099.924629, 6
1650985099.941024, 8
1650985099.959443, 8
1650985099.976232, 8
1650985099.993769, 8
1650985100.012600, 9
1650985100.030698, 10
1650985100.047763, 8
1650985100.068673, 9
1650985100.085074, 9
1650985100.104450, 8
1650985100.121793, 2
1650985100.142031, 2
1650985100.159329, 2
1650985100.176508, 4
1650985100.193077, 2
1650985100.211457, 3
1650985100.229339, 4
1650985100.248886, 3
1650985100.266204, 4
1650985100.284527, 4
1650985100.301391, 6
1650985100.317111, 5
1650985100.333799, 5
1650985100.350483, 5
1650985100.366966, 6
1650985100.387185, 6
1650985100.403463, 6
1650985100.420901, 6
1650985100.441581, 6
1650985100.458676, 6
1650985100.475784, 8
1650985100.492350, 7
1650985100.508324, 8
1650985100.525006, 7
1650985100.546432, 7
1650985100.564631, 7
1650985100.580989, 9
1650985100.597391, 9
1650985100.615185, 7
1650985100.631610, 8
1650985100.647428, 6
1650985100.663689, 3
1650985100.680206, 2
1650985100.699680, 4
1650985100.717210, 3
1650985100.734968, 4
1650985100.754087, 4
1650985100.773344, 2
1650985100.793196, 3
1650985100.810812, 4
1650985100.828032, 3
1650985100.845209, 4
1650985100.863803, 5
1650985100.879487, 4
1650985100.898059, 5
1650985100.916249, 6
1650985100.934466, 5
1650985100.951112, 5
1650985100.967513, 7
1650985100.985243, 5
1650985101.004312, 8
1650985101.021052, 6
1650985101.038383, 7
1650985101.055014, 8
1650985101.072730, 8
1650985101.089824, 9
1650985101.106866, 8
1650985101.123822, 9
1650985101.142127, 10
1650985101.158334, 8
1650985101.177398, 8
1650985101.194978, 8
1650985101.211367, 9
1650985101.227716, 10
1650985101.243961, 9
1650985101.259955, 9
1650985101.276773, 8
1650985101.293029, 4
1650985101.310438, 2
1650985101.326640, 3
1650985101.343518, 1
1650985101.362907, 3
1650985101.379176, 3
1650985101.395741, 4
1650985101.412382, 5
1650985101.429093, 4
1650985101.446667, 5
1650985101.465007, 5
1650985101.483961, 6
1650985101.501398, 5
1650985101.518907, 7
1650985101.538835, 6
1650985101.556338, 6
1650985101.574401, 5
1650985101.590208, 6
1650985101.612472, 7
1650985101.630284, 7
1650985101.648543, 8
1650985101.667568, 7
1650985101.685179, 8
1650985101.701067, 9
1650985101.718847, 8
1650985101.739061, 10
1650985101.755457, 9
1650985101.774941, 9
1650985101.793070, 10
1650985101.808471, 8
1650985101.827379, 8
1650985101.844281, 10
1650985101.862060, 7
1650985101.883752, 2
1650985101.899854, 3
1650985101.916926, 3
1650985101.932819, 2
1650985101.948563, 2
1650985101.964208, 2
1650985101.981849, 4
1650985101.998698, 4
1650985102.016490, 5
1650985102.033133, 5
1650985102.050157, 5
1650985102.065852, 5
1650985102.082811, 4
1650985102.099071, 5
1650985102.115488, 5
1650985102.134214, 8
1650985102.151399, 6
1650985102.167021, 7
1650985102.184730, 6
1650985102.207022, 8
1650985102.226080, 9
1650985102.243026, 8
1650985102.262419, 9
1650985102.284200, 7
1650985102.304871, 8
1650985102.324269, 9
1650985102.344474, 10
1650985102.362196, 10
1650985102.381003, 10
1650985102.397007, 7
1650985102.413721, 9
1650985102.433503, 7
1650985102.451481, 3
1650985102.471097, 5
1650985102.488509, 3
1650985102.506647, 3
1650985102.528387, 2
1650985102.544738, 3
1650985102.561693, 5
1650985102.577493, 2
1650985102.593299, 4
1650985102.613528, 4
1650985102.630376, 4
1650985102.648075, 3
1650985102.664506, 5
1650985102.680920, 5
1650985102.697895, 6
1650985102.714775, 4
1650985102.730997, 6
1650985102.747206, 6
1650985102.765514, 6
1650985102.782347, 7
1650985102.800164, 7
1650985102.816544, 8
1650985102.834514, 8
1650985102.850675, 8
1650985102.868541, 7
1650985102.886339, 8
1650985102.904536, 10
1650985102.924347, 8
1650985102.944171, 9
1650985102.964783, 10
1650985102.982957, 9
1650985103.000651, 9
1650985103.019701, 9
1650985103.036459, 7
1650985103.054954, 4
1650985103.071818, 3
1650985103.090468, 3
1650985103.107675, 0
1650985103.127331, 3
1650985103.145722, 3
1650985103.163283, 3
1650985103.180378, 2
1650985103.197942, 3
1650985103.215145, 4
1650985103.232133, 2
1650985103.248807, 5
1650985103.266011, 5
1650985103.293052, 5
1650985103.310446, 6
1650985103.329099, 6
1650985103.346373, 5
1650985103.362557, 6
1650985103.377992, 5
1650985103.393747, 8
1650985103.412077, 6
1650985103.428193, 8
1650985103.445037, 5
1650985103.460722, 7
1650985103.476348, 8
1650985103.492545, 8
1650985103.508473, 8
1650985103.526471, 9
1650985103.541380, 8
1650985103.558506, 8
1650985103.575097, 8
1650985103.591702, 6
1650985103.608305, 3
1650985103.624230, 3
1650985103.641714, 1
1650985103.658821, 3
1650985103.676678, 2
1650985103.694883, 2
1650985103.715114, 4
1650985103.732186, 4
1650985103.748596, 4
1650985103.764610, 3
1650985103.781282, 5
1650985103.798584, 5
1650985103.813814, 5
1650985103.829889, 5
1650985103.847267, 4
1650985103.865398, 5
1650985103.881494, 6
1650985103.899380, 6
1650985103.916412, 6
1650985103.931969, 7
1650985103.951625, 8
1650985103.967357, 7
1650985103.985249, 9
1650985104.002302, 8
1650985104.021222, 8
1650985104.036432, 8
1650985104.052776, 9
1650985104.070358, 9
1650985104.086097, 8
1650985104.102010, 8
1650985104.117220, 7
1650985104.133065, 8
1650985104.158674, 3
1650985104.201750, 2
1650985104.225158, 4
1650985104.241864, 2
1650985104.263081, 3
1650985104.279527, 3
1650985104.303458, 3
1650985104.320396, 2
1650985104.335771, 3
1650985104.351740, 4
1650985104.368631, 6
1650985104.384914, 4
1650985104.404072, 4
1650985104.420151, 5
1650985104.436608, 6
1650985104.453280, 6
1650985104.468569, 7
1650985104.485664, 6
1650985104.502793, 8
1650985104.519688, 7
1650985104.538471, 7
1650985104.554293, 7
1650985104.569838, 7
1650985104.587792, 8
1650985104.607195, 7
1650985104.624764, 7
1650985104.641733, 9
1650985104.660233, 8
1650985104.684207, 8
1650985104.700301, 8
1650985104.716863, 4
1650985104.732500, 3
1650985104.749510, 2
1650985104.770294, 2
1650985104.787485, 3
1650985104.803846, 3
1650985104.820873, 2
1650985104.837909, 3
1650985104.855885, 4
1650985104.873444, 4
1650985104.891657, 4
1650985104.907628, 5
1650985104.924057, 6
1650985104.940371, 5
1650985104.958703, 4
1650985104.975572, 6
1650985104.994493, 6
1650985105.012360, 5
1650985105.028542, 6
1650985105.045459, 7
1650985105.064428, 8
1650985105.081269, 6
1650985105.098664, 7
1650985105.114595, 8
1650985105.129918, 8
1650985105.145453, 8
1650985105.161207, 8
1650985105.178688, 8
1650985105.195734, 7
1650985105.212832, 8
1650985105.229076, 8
1650985105.249617, 9
1650985105.268957, 9
1650985105.285485, 3
1650985105.302505, 2
1650985105.320588, 3
1650985105.338706, 2
1650985105.357700, 2
1650985105.379314, 2
1650985105.399914, 3
1650985105.417197, 5
1650985105.439370, 3
1650985105.460237, 4
1650985105.478932, 5
1650985105.497704, 6
1650985105.514977, 5
1650985105.535476, 6
1650985105.554069, 5
1650985105.571799, 6
1650985105.587810, 6
1650985105.604256, 6
1650985105.620522, 6
1650985105.636664, 9
1650985105.654936, 6
1650985105.672246, 7
1650985105.687985, 8
1650985105.704758, 9
1650985105.720746, 8
1650985105.736973, 8
1650985105.756220, 10
1650985105.773409, 9
1650985105.790992, 9
1650985105.808003, 8
1650985105.832863, 9
1650985105.853665, 8
1650985105.870666, 3
1650985105.887752, 1
1650985105.905949, 2
1650985105.923863, 4
1650985105.947187, 3
1650985105.963931, 2
1650985105.980426, 4
1650985105.998237, 3
1650985106.017977, 3
1650985106.038646, 4
1650985106.058347, 5
1650985106.077764, 5
1650985106.095064, 5
1650985106.111617, 5
1650985106.133259, 5
1650985106.151440, 6
1650985106.167579, 5
1650985106.188178, 6
1650985106.205489, 9
1650985106.221934, 7
1650985106.242642, 8
1650985106.260397, 6
1650985106.276307, 8
1650985106.293728, 8
1650985106.309756, 8
1650985106.326702, 8
1650985106.344671, 10
1650985106.360530, 8
1650985106.380911, 8
1650985106.397817, 6
1650985106.417537, 3
1650985106.434281, 4
1650985106.450807, 3
1650985106.468984, 2
1650985106.484707, 2
1650985106.502238, 2
1650985106.520304, 1
1650985106.536555, 2
1650985106.551910, 3
1650985106.568180, 4
1650985106.583806, 4
1650985106.601735, 4
1650985106.619123, 4
1650985106.638456, 3
1650985106.655087, 6
1650985106.672764, 5
1650985106.691321, 6
1650985106.708263, 5
1650985106.726260, 8
1650985106.744010, 8
1650985106.761661, 8
1650985106.778101, 10
1650985106.796184, 6
1650985106.812994, 8
1650985106.829211, 7
1650985106.844859, 7
1650985106.861326, 8
1650985106.878477, 7
1650985106.894235, 8
1650985106.911035, 8
1650985106.930934, 8
1650985106.945745, 9
1650985106.961596, 8
1650985106.978119, 2
1650985106.996463, 2
1650985107.011812, 2
1650985107.032359, 4
1650985107.048459, 3
1650985107.067091, 2
1650985107.083847, 3
1650985107.100751, 3
1650985107.117919, 4
1650985107.142977, 4
1650985107.160674, 4
1650985107.183532, 4
1650985107.201308, 4
1650985107.216933, 5
1650985107.234705, 5
1650985107.252882, 5
1650985107.271419, 7
1650985107.287513, 5
1650985107.303712, 7
1650985107.321015, 7
1650985107.339750, 6
1650985107.357067, 6
1650985107.373092, 8
1650985107.393256, 7
1650985107.412268, 8
1650985107.429590, 10
1650985107.449619, 8
1650985107.472249, 9
1650985107.490890, 8
1650985107.507722, 7
1650985107.528946, 8
1650985107.547475, 4
1650985107.566320, 3
1650985107.582080, 3
1650985107.599592, 2
1650985107.619681, 3
1650985107.636675, 3
1650985107.652891, 3
1650985107.668652, 3
1650985107.686621, 4
1650985107.702638, 2
1650985107.717969, 3
1650985107.734355, 4
1650985107.756250, 6
1650985107.771626, 5
1650985107.792328, 5
1650985107.810129, 6
1650985107.827793, 6
1650985107.844279, 7
1650985107.861271, 7
1650985107.878496, 6
1650985107.897109, 8
1650985107.917042, 7
1650985107.933908, 7
1650985107.951847, 8
1650985107.970159, 7
1650985107.986500, 8
1650985108.003468, 9
1650985108.019748, 8
1650985108.039098, 9
1650985108.055215, 8
1650985108.071730, 10
1650985108.087773, 8
1650985108.105636, 6
1650985108.124636, 2
1650985108.141277, 2
1650985108.157563, 3
1650985108.174330, 3
1650985108.192161, 4
1650985108.208887, 2
1650985108.227454, 2
1650985108.246544, 2
1650985108.262426, 4
1650985108.278832, 3
1650985108.298090, 5
1650985108.314810, 5
1650985108.333417, 5
1650985108.354463, 5
1650985108.373025, 6
1650985108.390474, 4
1650985108.406435, 6
1650985108.426020, 8
1650985108.442531, 7
1650985108.462444, 7
1650985108.481441, 5
1650985108.502960, 7
1650985108.520925, 8
1650985108.538478, 8
1650985108.554313, 7
1650985108.573493, 9
1650985108.591000, 10
1650985108.609065, 9
1650985108.625542, 8
1650985108.641380, 7
1650985108.656832, 6
1650985108.672493, 4
1650985108.690532, 1
1650985108.708602, 2
1650985108.724350, 2
1650985108.741128, 4
1650985108.756400, 3
1650985108.773979, 3
1650985108.790173, 3
1650985108.806477, 3
1650985108.823167, 2
1650985108.839537, 3
1650985108.859903, 4
1650985108.880327, 5
1650985108.896517, 5
1650985108.913301, 5
1650985108.928853, 5
1650985108.948194, 6
1650985108.964396, 5
1650985108.979067, 6
1650985108.999154, 8
1650985109.016365, 8
1650985109.035786, 8
1650985109.051664, 8
1650985109.068083, 8
1650985109.084259, 9
1650985109.101620, 8
1650985109.117956, 9
1650985109.133602, 8
1650985109.152257, 10
1650985109.170147, 8
1650985109.187451, 8
1650985109.204809, 8
1650985109.223478, 4
1650985109.241039, 2
1650985109.259261, 2
1650985109.278084, 3
1650985109.296008, 3
1650985109.312421, 1
1650985109.328332, 3
1650985109.344647, 4
1650985109.360518, 4
1650985109.377014, 3
1650985109.395578, 4
1650985109.413200, 5
1650985109.437267, 5
1650985109.455347, 4
1650985109.474623, 5
1650985109.491398, 5
1650985109.508490, 7
1650985109.524915, 6
1650985109.546149, 7
1650985109.564722, 8
1650985109.581614, 7
1650985109.598547, 8
1650985109.615106, 7
1650985109.631436, 8
1650985109.648806, 7
1650985109.665089, 8
1650985109.680746, 9
1650985109.700437, 8
1650985109.719406, 9
1650985109.739571, 8
1650985109.755080, 7
1650985109.772313, 6
1650985109.790381, 1
1650985109.807084, 4
1650985109.825030, 3
1650985109.843880, 2
1650985109.861728, 4
1650985109.877571, 3
1650985109.892869, 2
1650985109.911574, 3
1650985109.930703, 2
1650985109.946480, 4
1650985109.964199, 5
1650985109.980335, 4
1650985110.000908, 6
1650985110.020562, 4
1650985110.037321, 5
1650985110.053835, 6
1650985110.072613, 5
1650985110.088749, 5
1650985110.104040, 5
1650985110.120445, 6
1650985110.143042, 8
1650985110.160620, 7
1650985110.179173, 7
1650985110.195933, 9
1650985110.216323, 9
1650985110.231764, 8
1650985110.248599, 7
1650985110.264512, 10
1650985110.281825, 7
1650985110.298143, 8
1650985110.317736, 8
1650985110.334615, 5
1650985110.350894, 4
1650985110.366566, 2
1650985110.385682, 2
1650985110.401277, 2
1650985110.417491, 4
1650985110.434602, 3
1650985110.452125, 4
1650985110.469115, 2
1650985110.485471, 4
1650985110.500855, 3
1650985110.518755, 4
1650985110.537175, 4
1650985110.553368, 5
1650985110.571977, 5
1650985110.591298, 6
1650985110.612880, 4
1650985110.628904, 6
1650985110.644797, 6
1650985110.663390, 6
1650985110.679785, 7
1650985110.695487, 7
1650985110.711352, 7
1650985110.730814, 9
1650985110.748046, 7
1650985110.766216, 8
1650985110.783369, 8
1650985110.801934, 8
1650985110.820081, 8
1650985110.839766, 9
1650985110.856909, 8
1650985110.874814, 8
1650985110.892261, 8
1650985110.908511, 3
1650985110.925752, 3
1650985110.941566, 2
1650985110.959659, 2
1650985110.976521, 4
1650985110.991877, 2
1650985111.008704, 3
1650985111.024982, 3
1650985111.044899, 4
1650985111.061764, 3
1650985111.079062, 3
1650985111.095188, 4
1650985111.111971, 5
1650985111.132865, 6
1650985111.150298, 6
1650985111.168031, 6
1650985111.186532, 6
1650985111.202842, 6
1650985111.219512, 7
1650985111.236428, 6
1650985111.255315, 9
1650985111.274069, 7
1650985111.290233, 6
1650985111.308241, 9
1650985111.325002, 8
1650985111.351174, 9
1650985111.368236, 9
1650985111.386046, 9
1650985111.403299, 9
1650985111.420532, 8
1650985111.438228, 9
1650985111.454826, 8
1650985111.473116, 4
1650985111.489324, 1
1650985111.504901, 3
1650985111.520428, 2
1650985111.538073, 5
1650985111.555288, 3
1650985111.571474, 2
1650985111.588632, 3
1650985111.605565, 4
1650985111.622016, 3
1650985111.638076, 5
1650985111.656957, 3
1650985111.673586, 5
1650985111.692805, 5
1650985111.710911, 6
1650985111.726684, 6
1650985111.742666, 5
1650985111.759589, 6
1650985111.777544, 6
1650985111.794662, 5
1650985111.814656, 6
1650985111.832870, 8
1650985111.855050, 7
1650985111.872474, 8
1650985111.888660, 8
1650985111.906372, 8
1650985111.925869, 8
1650985111.945125, 10
1650985111.961590, 9
1650985111.983450, 9
1650985112.004223, 9
1650985112.025451, 8
1650985112.044077, 9
1650985112.064953, 8
1650985112.080954, 2
1650985112.098097, 3
1650985112.115032, 3
1650985112.133192, 4
1650985112.151786, 2
1650985112.168408, 4
1650985112.185996, 3
1650985112.202668, 3
1650985112.219970, 2
1650985112.238351, 7
1650985112.254856, 5
1650985112.272534, 5
1650985112.289648, 6
1650985112.308464, 6
1650985112.326067, 5
1650985112.343256, 5
1650985112.360926, 5
1650985112.376674, 7
1650985112.392936, 6
1650985112.412583, 7
1650985112.428474, 7
1650985112.444361, 7
1650985112.461130, 8
1650985112.476891, 7
1650985112.493513, 8
1650985112.509119, 9
1650985112.526057, 9
1650985112.544788, 9
1650985112.563312, 10
1650985112.580880, 9
1650985112.597604, 8
1650985112.614788, 9
1650985112.631711, 10
1650985112.649988, 7
1650985112.666815, 5
1650985112.684343, 3
1650985112.700768, 3
1650985112.721803, 3
1650985112.737996, 3
1650985112.755887, 3
1650985112.773437, 2
1650985112.791837, 4
1650985112.808677, 4
1650985112.825028, 4
1650985112.845380, 3
1650985112.862526, 6
1650985112.878249, 5
1650985112.894559, 6
1650985112.911046, 5
1650985112.928725, 5
1650985112.946986, 7
1650985112.966755, 6
1650985112.982165, 7
1650985112.998243, 7
1650985113.014382, 7
1650985113.030628, 7
1650985113.046577, 8
1650985113.063969, 8
1650985113.080362, 7
1650985113.096641, 8
1650985113.114054, 8
1650985113.130778, 9
1650985113.149955, 8
1650985113.169797, 10
1650985113.188032, 9
1650985113.208271, 10
1650985113.227826, 9
1650985113.244659, 7
1650985113.260538, 4
1650985113.276256, 2
1650985113.295171, 1
1650985113.310808, 3
1650985113.326897, 3
1650985113.342828, 3
1650985113.363846, 4
1650985113.382135, 3
1650985113.398229, 3
1650985113.417213, 5
1650985113.433518, 5
1650985113.452291, 4
1650985113.472307, 4
1650985113.492724, 5
1650985113.508981, 5
1650985113.524811, 7
1650985113.542650, 6
1650985113.559303, 7
1650985113.575948, 6
1650985113.592555, 8
1650985113.608356, 7
1650985113.624543, 8
1650985113.640703, 7
1650985113.658206, 8
1650985113.678498, 6
1650985113.696176, 7
1650985113.712386, 8
1650985113.729287, 8
1650985113.746501, 7
1650985113.763697, 9
1650985113.782729, 9
1650985113.801157, 8
1650985113.819207, 8
1650985113.840858, 4
1650985113.857432, 2
1650985113.879465, 3
1650985113.899047, 2
1650985113.918231, 2
1650985113.938524, 2
1650985113.958086, 4
1650985113.974218, 3
1650985113.990348, 4
1650985114.008820, 5
1650985114.025143, 3
1650985114.041667, 5
1650985114.057829, 5
1650985114.074205, 6
1650985114.091363, 6
1650985114.107106, 6
1650985114.124063, 6
1650985114.142753, 7
1650985114.159343, 7
1650985114.195762, 7
1650985114.219516, 6
1650985114.236567, 7
1650985114.252363, 7
1650985114.271849, 8
1650985114.290224, 9
1650985114.310367, 10
1650985114.328252, 8
1650985114.346751, 10
1650985114.364388, 9
1650985114.381163, 10
1650985114.397180, 9
1650985114.414959, 10
1650985114.432994, 9
1650985114.449309, 9
1650985114.464877, 9
1650985114.480580, 8
1650985114.496613, 3
1650985114.513061, 2
1650985114.528852, 3
1650985114.544107, 3
1650985114.560282, 2
1650985114.576782, 3
1650985114.599030, 4
1650985114.615360, 4
1650985114.632900, 5
1650985114.652282, 6
1650985114.671064, 5
1650985114.687429, 4
1650985114.703476, 6
1650985114.723201, 6
1650985114.739478, 6
1650985114.755645, 6
1650985114.772622, 7
1650985114.788707, 6
1650985114.807535, 7
1650985114.829847, 8
1650985114.846041, 7
1650985114.861963, 7
1650985114.877790, 7
1650985114.893588, 8
1650985114.909712, 9
1650985114.927153, 8
1650985114.943558, 9
1650985114.959815, 7
1650985114.974732, 8
1650985114.994187, 9
1650985115.011222, 9
1650985115.027219, 9
1650985115.045289, 9
1650985115.061920, 2
1650985115.079732, 2
1650985115.096568, 4
1650985115.113373, 2
1650985115.130234, 3
1650985115.148468, 4
1650985115.164803, 5
1650985115.183292, 3
1650985115.200684, 3
1650985115.217191, 4
1650985115.236592, 5
1650985115.252451, 4
1650985115.269298, 5
1650985115.284522, 6
1650985115.301309, 5
1650985115.319182, 7
1650985115.335954, 6
1650985115.353168, 7
1650985115.370575, 7
1650985115.388653, 7
1650985115.406739, 6
1650985115.423789, 7
1650985115.441226, 8
1650985115.458312, 8
1650985115.474931, 8
1650985115.491024, 9
1650985115.507627, 9
1650985115.524803, 10
1650985115.541377, 9
1650985115.562204, 8
1650985115.578510, 9
1650985115.593938, 9
1650985115.610550, 8
1650985115.626425, 7
1650985115.642553, 4
1650985115.659027, 3
1650985115.675972, 3
1650985115.693073, 2
1650985115.715603, 3
1650985115.732642, 3
1650985115.750273, 2
1650985115.767244, 4
1650985115.786771, 3
1650985115.803159, 4
1650985115.820849, 5
1650985115.839942, 5
1650985115.860416, 5
1650985115.879248, 5
1650985115.896915, 7
1650985115.914365, 4
1650985115.930753, 7
1650985115.949242, 8
1650985115.968336, 6
1650985115.985255, 8
1650985116.002139, 7
1650985116.020225, 8
1650985116.039504, 7
1650985116.056458, 9
1650985116.073613, 9
1650985116.090250, 8
1650985116.108004, 8
1650985116.125448, 9
1650985116.141063, 9
1650985116.159330, 9
1650985116.175657, 9
1650985116.193303, 9
1650985116.210234, 9
1650985116.227007, 9
1650985116.244332, 8
1650985116.260939, 3
1650985116.277699, 2
1650985116.293767, 2
1650985116.309408, 3
1650985116.325038, 2
1650985116.342584, 4
1650985116.359054, 4
1650985116.375921, 4
1650985116.391369, 4
1650985116.409541, 4
1650985116.427392, 4
1650985116.446984, 4
1650985116.464764, 6
1650985116.483437, 6
1650985116.501331, 7
1650985116.519770, 7
1650985116.537877, 7
1650985116.558042, 5
1650985116.573934, 7
1650985116.590929, 6
1650985116.612401, 8
1650985116.628612, 8
1650985116.649689, 7
1650985116.669417, 8
1650985116.688977, 9
1650985116.706229, 8
1650985116.724710, 7
1650985116.747439, 8
1650985116.764836, 9
1650985116.782629, 9
1650985116.801053, 2
1650985116.824660, 2
1650985116.841817, 3
1650985116.858935, 3
1650985116.876785, 1
1650985116.897877, 3
1650985116.918088, 2
1650985116.934994, 3
1650985116.951216, 4
1650985116.969133, 4
1650985116.985814, 3
1650985117.002347, 4
1650985117.019328, 5
1650985117.037185, 6
1650985117.054433, 5
1650985117.074967, 4
1650985117.092068, 5
1650985117.108531, 7
1650985117.124757, 7
1650985117.142059, 6
1650985117.157444, 7
1650985117.172440, 7
1650985117.188258, 7
1650985117.204469, 8
1650985117.222029, 8
1650985117.239490, 8
1650985117.255864, 9
1650985117.274506, 8
1650985117.290423, 8
1650985117.306782, 8
1650985117.323378, 7
1650985117.339832, 3
1650985117.357339, 2
1650985117.374448, 2
1650985117.393834, 4
1650985117.411127, 1
1650985117.429717, 2
1650985117.449347, 4
1650985117.465975, 2
1650985117.482399, 3
1650985117.498749, 4
1650985117.516339, 4
1650985117.533958, 4
1650985117.553636, 6
1650985117.570897, 5
1650985117.586887, 5
1650985117.605712, 7
1650985117.623760, 5
1650985117.639522, 6
1650985117.657715, 7
1650985117.672979, 8
1650985117.689167, 7
1650985117.708403, 8
1650985117.723882, 9
1650985117.742081, 7
1650985117.761748, 8
1650985117.778212, 9
1650985117.794683, 8
1650985117.812298, 8
1650985117.828629, 9
1650985117.844872, 9
1650985117.862086, 9
1650985117.880809, 9
1650985117.900939, 9
1650985117.920219, 6
1650985117.936240, 3
1650985117.952366, 5
1650985117.970305, 2
1650985117.986861, 3
1650985118.003186, 3
1650985118.019751, 2
1650985118.035468, 3
1650985118.052516, 3
1650985118.072598, 3
1650985118.089523, 5
1650985118.106567, 3
1650985118.122931, 5
1650985118.140475, 4
1650985118.158638, 4
1650985118.175212, 5
1650985118.191694, 5
1650985118.207629, 5
1650985118.227224, 4
1650985118.243579, 7
1650985118.259602, 6
1650985118.277566, 6
1650985118.296048, 7
1650985118.316600, 7
1650985118.334756, 8
1650985118.350964, 7
1650985118.367950, 9
1650985118.385520, 7
1650985118.403361, 8
1650985118.423726, 9
1650985118.439376, 9
1650985118.456336, 8
1650985118.472581, 9
1650985118.490441, 8
1650985118.507725, 8
1650985118.525014, 10
1650985118.545202, 7
1650985118.564603, 4
1650985118.582411, 3
1650985118.599370, 1
1650985118.620457, 3
1650985118.639087, 3
1650985118.656713, 3
1650985118.673025, 3
1650985118.689603, 3
1650985118.705978, 3
1650985118.721572, 4
1650985118.736950, 5
1650985118.754750, 4
1650985118.773746, 5
1650985118.790045, 4
1650985118.806056, 4
1650985118.822807, 6
1650985118.840930, 6
1650985118.857478, 6
1650985118.874431, 6
1650985118.894666, 6
1650985118.909861, 7
1650985118.926069, 7
1650985118.941552, 7
1650985118.957529, 8
1650985118.975979, 7
1650985118.992799, 7
1650985119.009307, 9
1650985119.025770, 8
1650985119.042365, 9
1650985119.059377, 9
1650985119.075568, 9
1650985119.095094, 10
1650985119.113912, 9
1650985119.130229, 8
1650985119.150324, 5
1650985119.169028, 2
1650985119.188305, 3
1650985119.203933, 3
1650985119.220270, 2
1650985119.237960, 3
1650985119.254199, 3
1650985119.271753, 4
1650985119.292453, 4
1650985119.313199, 4
1650985119.329028, 4
1650985119.345394, 6
1650985119.362006, 5
1650985119.379539, 6
1650985119.395421, 5
1650985119.412194, 6
1650985119.429318, 7
1650985119.450122, 6
1650985119.467684, 7
1650985119.486158, 7
1650985119.502221, 7
1650985119.519638, 8
1650985119.537840, 8
1650985119.558043, 8
1650985119.574563, 9
1650985119.591467, 9
1650985119.609755, 8
1650985119.627094, 8
1650985119.645059, 9
1650985119.668161, 10
1650985119.687119, 9
1650985119.704230, 9
1650985119.721067, 9
1650985119.736615, 9
1650985119.753067, 3
1650985119.770106, 3
1650985119.787442, 4
1650985119.803119, 1
1650985119.820268, 3
1650985119.835613, 4
1650985119.852286, 4
1650985119.869518, 4
1650985119.886812, 4
1650985119.904660, 3
1650985119.921947, 5
1650985119.938444, 5
1650985119.956207, 5
1650985119.973189, 5
1650985119.988807, 6
1650985120.006229, 6
1650985120.023578, 6
1650985120.041348, 6
1650985120.061584, 7
1650985120.081745, 8
1650985120.098637, 7
1650985120.117499, 7
1650985120.133718, 6
1650985120.150113, 9
1650985120.167484, 8
1650985120.184053, 8
1650985120.200896, 9
1650985120.218459, 8
1650985120.235219, 9
1650985120.250666, 10
1650985120.269357, 9
1650985120.286835, 8
1650985120.305141, 9
1650985120.321247, 10
1650985120.337200, 7
1650985120.354908, 2
1650985120.371605, 2
1650985120.387651, 4
1650985120.406932, 2
1650985120.423758, 2
1650985120.441658, 4
1650985120.458064, 2
1650985120.477706, 2
1650985120.496456, 4
1650985120.513329, 6
1650985120.530094, 5
1650985120.547305, 5
1650985120.563309, 5
1650985120.581626, 5
1650985120.599390, 6
1650985120.619222, 6
1650985120.635680, 6
1650985120.652525, 6
1650985120.672476, 7
1650985120.689699, 6
1650985120.707191, 7
1650985120.724569, 8
1650985120.740826, 8
1650985120.757610, 9
1650985120.774359, 8
1650985120.790260, 8
1650985120.806823, 8
1650985120.823782, 10
1650985120.840273, 9
1650985120.856191, 9
1650985120.872377, 10
1650985120.889701, 10
1650985120.906290, 9
1650985120.922313, 9
1650985120.941205, 5
1650985120.957124, 2
1650985120.972706, 2
1650985120.989453, 3
1650985121.004463, 3
1650985121.024695, 2
1650985121.042030, 3
1650985121.058571, 3
1650985121.076683, 2
1650985121.092491, 3
1650985121.109804, 4
1650985121.125407, 5
1650985121.141449, 5
1650985121.157280, 6
1650985121.177562, 5
1650985121.194107, 5
1650985121.210489, 5
1650985121.226481, 6
1650985121.243008, 6
1650985121.260413, 6
1650985121.277447, 7
1650985121.294456, 7
1650985121.313038, 7
1650985121.329829, 8
1650985121.346990, 8
1650985121.363592, 8
1650985121.380675, 8
1650985121.396242, 9
1650985121.412570, 7
1650985121.428676, 10
1650985121.444552, 9
1650985121.461014, 9
1650985121.477434, 9
1650985121.494977, 8
1650985121.512756, 9
1650985121.529764, 9
1650985121.554091, 7
1650985121.570603, 3
1650985121.588565, 3
1650985121.605732, 3
1650985121.621818, 2
1650985121.637899, 3
1650985121.658523, 3
1650985121.675088, 3
1650985121.692508, 5
1650985121.708639, 2
1650985121.725517, 3
1650985121.748366, 5
1650985121.764745, 6
1650985121.781057, 5
1650985121.798797, 6
1650985121.820494, 5
1650985121.838598, 5
1650985121.855804, 7
1650985121.874732, 7
1650985121.891705, 6
1650985121.909137, 7
1650985121.926832, 8
1650985121.944932, 7
1650985121.963221, 9
1650985121.981785, 9
1650985122.002210, 7
1650985122.021363, 9
1650985122.038912, 9
1650985122.056156, 9
1650985122.072443, 9
1650985122.092695, 9
1650985122.109878, 8
1650985122.125798, 8
1650985122.142637, 8
1650985122.157933, 3
1650985122.174620, 2
1650985122.193842, 3
1650985122.210815, 1
1650985122.228388, 2
1650985122.248455, 2
1650985122.264318, 5
1650985122.282158, 4
1650985122.298983, 4
1650985122.314596, 4
1650985122.331147, 4
1650985122.348197, 6
1650985122.364885, 5
1650985122.384581, 5
1650985122.403222, 5
1650985122.423092, 6
1650985122.441144, 4
1650985122.460176, 6
1650985122.476967, 6
1650985122.493360, 7
1650985122.508747, 6
1650985122.524722, 9
1650985122.541263, 8
1650985122.558416, 8
1650985122.573794, 8
1650985122.589594, 9
1650985122.605009, 10
1650985122.621671, 8
1650985122.638257, 9
1650985122.656285, 9
1650985122.673470, 9
1650985122.689612, 7
1650985122.709817, 6
1650985122.725161, 2
1650985122.743129, 3
1650985122.761519, 2
1650985122.778842, 3
1650985122.794975, 2
1650985122.810778, 3
1650985122.827506, 2
1650985122.844198, 4
1650985122.860325, 3
1650985122.877968, 2
1650985122.894384, 4
1650985122.914940, 5
1650985122.934391, 5
1650985122.956509, 3
1650985122.972852, 4
1650985122.990888, 6
1650985123.010576, 6
1650985123.027781, 7
1650985123.044212, 5
1650985123.063861, 7
1650985123.087926, 8
1650985123.106863, 6
1650985123.124796, 7
1650985123.140944, 8
1650985123.156996, 8
1650985123.172493, 8
1650985123.188477, 7
1650985123.206524, 8
1650985123.224213, 10
1650985123.240550, 7
1650985123.257797, 7
1650985123.274286, 7
1650985123.290765, 5
1650985123.307721, 4
1650985123.324016, 2
1650985123.340399, 2
1650985123.358300, 4
1650985123.375374, 2
1650985123.391835, 3
1650985123.411197, 3
1650985123.430412, 2
1650985123.448513, 3
1650985123.470701, 3
1650985123.486650, 4
1650985123.503888, 6
1650985123.520368, 4
1650985123.536507, 4
1650985123.552965, 7
1650985123.568260, 6
1650985123.585075, 6
1650985123.601698, 6
1650985123.619115, 7
1650985123.636972, 6
1650985123.652304, 9
1650985123.667864, 7
1650985123.687641, 7
1650985123.705171, 7
1650985123.721290, 8
1650985123.737144, 8
1650985123.753033, 8
1650985123.768488, 8
1650985123.784580, 9
1650985123.802769, 8
1650985123.819950, 10
1650985123.837494, 10
1650985123.858739, 9
1650985123.875824, 9
1650985123.892803, 7
1650985123.910192, 2
1650985123.928758, 3
1650985123.946007, 2
1650985123.963383, 4
1650985123.980193, 4
1650985123.998589, 1
1650985124.013873, 4
1650985124.031467, 4
1650985124.047867, 3
1650985124.065505, 4
1650985124.081637, 4
1650985124.099879, 4
1650985124.117776, 6
1650985124.136208, 6
1650985124.153362, 5
1650985124.169259, 5
1650985124.191399, 6
1650985124.208561, 7
1650985124.224352, 6
1650985124.242673, 5
1650985124.258760, 6
1650985124.275159, 7
1650985124.291848, 7
1650985124.310993, 8
1650985124.328340, 7
1650985124.344656, 7
1650985124.363007, 9
1650985124.378452, 9
1650985124.394146, 9
1650985124.409835, 10
1650985124.429329, 7
1650985124.447294, 9
1650985124.465824, 9
1650985124.481366, 9
1650985124.497149, 8
1650985124.513040, 2
1650985124.529328, 2
1650985124.552136, 2
1650985124.571350, 2
1650985124.588665, 2
1650985124.605542, 4
1650985124.625955, 3
1650985124.641871, 4
1650985124.658392, 5
1650985124.675610, 4
1650985124.691798, 4
1650985124.708471, 5
1650985124.729094, 5
1650985124.748251, 5
1650985124.765031, 6
1650985124.781204, 5
1650985124.797561, 7
1650985124.814020, 5
1650985124.832694, 6
1650985124.848799, 6
1650985124.868205, 7
1650985124.885042, 8
1650985124.901557, 8
1650985124.918411, 7
1650985124.939825, 9
1650985124.958073, 9
1650985124.974385, 8
1650985124.992274, 9
1650985125.012754, 9
1650985125.032737, 10
1650985125.052448, 10
1650985125.069653, 10
1650985125.087527, 9
1650985125.104936, 8
1650985125.120008, 6
1650985125.136817, 3
1650985125.152557, 2
1650985125.169003, 4
1650985125.188905, 3
1650985125.206315, 3
1650985125.226116, 4
1650985125.241752, 2
1650985125.258115, 4
1650985125.275791, 5
1650985125.292651, 5
1650985125.312318, 5
1650985125.327604, 5
1650985125.344217, 6
1650985125.361161, 6
1650985125.379071, 5
1650985125.398326, 5
1650985125.414658, 6
1650985125.433206, 7
1650985125.455902, 8
1650985125.474683, 6
1650985125.496298, 8
1650985125.513733, 8
1650985125.533614, 8
1650985125.550543, 7
1650985125.568615, 8
1650985125.588711, 9
1650985125.607107, 8
1650985125.623104, 9
1650985125.644815, 10
1650985125.662298, 8
1650985125.680498, 9
1650985125.697108, 9
1650985125.713934, 3
1650985125.730359, 2
1650985125.751420, 4
1650985125.772729, 3
1650985125.792265, 3
1650985125.811140, 4
1650985125.828439, 4
1650985125.845183, 3
1650985125.863306, 3
1650985125.882490, 6
1650985125.899188, 5
1650985125.918710, 6
1650985125.936267, 5
1650985125.953379, 6
1650985125.969349, 5
1650985125.985645, 6
1650985126.005937, 8
1650985126.023448, 5
1650985126.046504, 7
1650985126.063468, 8
1650985126.082112, 9
1650985126.101164, 9
1650985126.120468, 8
1650985126.142542, 8
1650985126.163139, 9
1650985126.179599, 9
1650985126.196325, 10
1650985126.217045, 9
1650985126.238967, 10
1650985126.256199, 9
1650985126.273310, 9
1650985126.290337, 8
1650985126.308980, 10
1650985126.324490, 6
1650985126.340813, 5
1650985126.358949, 3
1650985126.374912, 2
1650985126.391565, 2
1650985126.408018, 4
1650985126.423807, 3
1650985126.440683, 2
1650985126.457414, 3
1650985126.476434, 2
1650985126.494476, 3
1650985126.511158, 5
1650985126.528538, 4
1650985126.545424, 5
1650985126.566092, 3
1650985126.581770, 5
1650985126.597360, 5
1650985126.612707, 5
1650985126.628803, 7
1650985126.646729, 6
1650985126.662424, 7
1650985126.678015, 7
1650985126.693331, 7
1650985126.708427, 7
1650985126.724956, 7
1650985126.743440, 8
1650985126.762669, 7
1650985126.779215, 9
1650985126.796605, 8
1650985126.814127, 10
1650985126.831149, 9
1650985126.847403, 8
1650985126.863394, 10
1650985126.879929, 10
1650985126.896853, 9
1650985126.913172, 9
1650985126.932727, 9
1650985126.951606, 9
1650985126.969719, 7
1650985126.986727, 2
1650985127.002686, 2
1650985127.021151, 3
1650985127.039179, 3
1650985127.057450, 3
1650985127.075333, 3
1650985127.093474, 2
1650985127.109515, 4
1650985127.125979, 5
1650985127.143833, 3
1650985127.160710, 6
1650985127.180753, 6
1650985127.198801, 4
1650985127.217207, 6
1650985127.235384, 5
1650985127.251246, 6
1650985127.266932, 7
1650985127.283362, 7
1650985127.301918, 7
1650985127.317910, 7
1650985127.333493, 9
1650985127.349066, 7
1650985127.364507, 7
1650985127.381078, 8
1650985127.400498, 7
1650985127.421291, 9
1650985127.437836, 9
1650985127.458284, 6
1650985127.473721, 8
1650985127.489355, 8
1650985127.505693, 8
1650985127.522114, 3
1650985127.540311, 2
1650985127.556398, 2
1650985127.572221, 2
1650985127.590935, 3
1650985127.607939, 2
1650985127.624652, 4
1650985127.641137, 4
1650985127.660160, 4
1650985127.676269, 4
1650985127.692901, 3
1650985127.710027, 4
1650985127.726781, 4
1650985127.746562, 4
1650985127.767934, 4
1650985127.784299, 6
1650985127.802142, 6
1650985127.818470, 6
1650985127.835375, 6
1650985127.852364, 7
1650985127.868279, 7
1650985127.884937, 7
1650985127.900748, 8
1650985127.916947, 8
1650985127.934008, 9
1650985127.952195, 7
1650985127.968295, 9
1650985127.986934, 9
1650985128.003988, 9
1650985128.021400, 9
1650985128.038794, 8
1650985128.055564, 8
1650985128.073559, 2
1650985128.089233, 2
1650985128.105581, 2
1650985128.122067, 3
1650985128.142456, 3
1650985128.158917, 2
1650985128.178219, 4
1650985128.196557, 4
1650985128.218322, 3
1650985128.235909, 4
1650985128.252367, 3
1650985128.267827, 5
1650985128.284611, 5
1650985128.300855, 5
1650985128.318468, 6
1650985128.337073, 5
1650985128.353156, 6
1650985128.371068, 6
1650985128.388560, 6
1650985128.404926, 5
1650985128.421962, 7
1650985128.438233, 6
1650985128.454044, 5
1650985128.470538, 8
1650985128.489572, 6
1650985128.507148, 8
1650985128.525724, 9
1650985128.543231, 9
1650985128.561291, 9
1650985128.578153, 8
1650985128.596988, 10
1650985128.618095, 9
1650985128.639047, 9
1650985128.659006, 8
1650985128.677484, 9
1650985128.694030, 10
1650985128.712646, 7
1650985128.730267, 3
1650985128.749170, 3
1650985128.766274, 3
1650985128.787195, 1
1650985128.804687, 3
1650985128.821195, 2
1650985128.840474, 4
1650985128.858149, 4
1650985128.878988, 3
1650985128.899179, 4
1650985128.917516, 5
1650985128.934329, 4
1650985128.952380, 5
1650985128.971113, 5
1650985128.986516, 5
1650985129.002539, 6
1650985129.019359, 6
1650985129.037345, 6
1650985129.055117, 8
1650985129.074700, 7
1650985129.091526, 7
1650985129.112187, 8
1650985129.129874, 8
1650985129.145511, 7
1650985129.162283, 7
1650985129.182572, 8
1650985129.198998, 8
1650985129.215843, 8
1650985129.239820, 7
1650985129.256768, 6
1650985129.272909, 8
1650985129.288451, 6
1650985129.305029, 3
1650985129.326325, 3
1650985129.349765, 2
1650985129.369446, 1
1650985129.388918, 2
1650985129.405252, 4
1650985129.422859, 3
1650985129.440393, 4
1650985129.457446, 5
1650985129.473555, 4
1650985129.492884, 5
1650985129.509798, 5
1650985129.527006, 5
1650985129.544401, 6
1650985129.561001, 5
1650985129.577522, 5
1650985129.595798, 5
1650985129.615551, 6
1650985129.635773, 8
1650985129.655470, 6
1650985129.672030, 6
1650985129.688226, 7
1650985129.703655, 8
1650985129.721118, 8
1650985129.740491, 8
1650985129.756115, 8
1650985129.772963, 8
1650985129.788761, 9
1650985129.804613, 9
1650985129.824364, 10
1650985129.842212, 9
1650985129.859868, 8
1650985129.876729, 9
1650985129.892625, 9
1650985129.908661, 9
1650985129.930882, 5
1650985129.950048, 2
1650985129.969658, 3
1650985129.986036, 2
1650985130.003004, 3
1650985130.020003, 4
1650985130.036751, 2
1650985130.052821, 4
1650985130.069442, 4
1650985130.086075, 4
1650985130.103064, 5
1650985130.119694, 4
1650985130.140213, 5
1650985130.157692, 6
1650985130.177555, 6
1650985130.195461, 6
1650985130.212496, 6
1650985130.229073, 7
1650985130.245253, 6
1650985130.260820, 8
1650985130.277609, 7
1650985130.295213, 8
1650985130.312345, 8
1650985130.333364, 8
1650985130.350351, 8
1650985130.369101, 9
1650985130.385199, 8
1650985130.405787, 8
1650985130.425977, 9
1650985130.446034, 9
1650985130.462653, 8
1650985130.481929, 8
1650985130.500714, 8
1650985130.520007, 3
1650985130.540084, 2
1650985130.560241, 3
1650985130.576457, 2
1650985130.596701, 3
1650985130.612520, 3
1650985130.629169, 3
1650985130.645878, 3
1650985130.664711, 6
1650985130.683228, 5
1650985130.704863, 4
1650985130.721748, 5
1650985130.742509, 6
1650985130.759206, 6
1650985130.778174, 6
1650985130.795771, 5
1650985130.812243, 7
1650985130.828488, 6
1650985130.846034, 7
1650985130.863482, 7
1650985130.880519, 8
1650985130.896285, 8
1650985130.912497, 8
1650985130.929373, 8
1650985130.946597, 9
1650985130.963659, 9
1650985130.981234, 10
1650985130.998579, 8
1650985131.015541, 9
1650985131.032695, 9
1650985131.049804, 9
1650985131.067608, 8
1650985131.084260, 7
1650985131.101487, 2
1650985131.118189, 3
1650985131.134735, 4
1650985131.150839, 1
1650985131.167282, 3
1650985131.187266, 4
1650985131.205148, 3
1650985131.221575, 3
1650985131.238208, 4
1650985131.259347, 3
1650985131.277997, 4
1650985131.296038, 4
1650985131.314266, 5
1650985131.330685, 4
1650985131.350801, 6
1650985131.366289, 5
1650985131.382554, 6
1650985131.400400, 4
1650985131.416819, 6
1650985131.433233, 6
1650985131.449388, 7
1650985131.465708, 6
1650985131.482666, 6
1650985131.502830, 6
1650985131.519177, 7
1650985131.537894, 8
1650985131.554697, 8
1650985131.571009, 8
1650985131.591025, 9
1650985131.607937, 7
1650985131.627744, 8
1650985131.643627, 8
1650985131.659544, 7
1650985131.676356, 8
1650985131.692928, 8
1650985131.708798, 3
1650985131.724347, 3
1650985131.743120, 2
1650985131.759440, 2
1650985131.776314, 4
1650985131.792693, 2
1650985131.811914, 1
1650985131.831245, 5
1650985131.848728, 4
1650985131.865092, 3
1650985131.882018, 5
1650985131.898520, 5
1650985131.918260, 4
1650985131.935672, 5
1650985131.953394, 5
1650985131.971798, 5
1650985131.990606, 6
1650985132.008163, 6
1650985132.025342, 7
1650985132.042814, 4
1650985132.059883, 7
1650985132.075689, 7
1650985132.091103, 7
1650985132.106659, 8
1650985132.123662, 8
1650985132.141098, 8
1650985132.156646, 9
1650985132.172196, 9
1650985132.189063, 8
1650985132.205877, 9
1650985132.221033, 8
1650985132.239858, 10
1650985132.256425, 9
1650985132.273618, 9
1650985132.293138, 9
1650985132.308888, 9
1650985132.325673, 10
1650985132.347910, 2
1650985132.366512, 3
1650985132.386514, 2
1650985132.402394, 4
1650985132.420746, 2
1650985132.438843, 3
1650985132.460472, 5
1650985132.478177, 4
1650985132.497040, 4
1650985132.514985, 5
1650985132.532484, 4
1650985132.549913, 5
1650985132.566784, 5
1650985132.583408, 5
1650985132.600640, 6
1650985132.618075, 5
1650985132.636325, 6
1650985132.653661, 6
1650985132.670172, 7
1650985132.688616, 6
1650985132.708148, 7
1650985132.728736, 9
1650985132.749147, 7
1650985132.765350, 7
1650985132.781697, 8
1650985132.797445, 10
1650985132.815235, 9
1650985132.832713, 9
1650985132.852223, 10
1650985132.869041, 8
1650985132.884719, 8
1650985132.900192, 9
1650985132.921698, 9
1650985132.939121, 1
1650985132.956281, 2
1650985132.974922, 4
1650985132.991354, 3
1650985133.009641, 2
1650985133.025116, 4
1650985133.042375, 4
1650985133.060540, 3
1650985133.077938, 4
1650985133.094664, 4
1650985133.111537, 4
1650985133.128406, 6
1650985133.144483, 5
1650985133.160331, 6
1650985133.175797, 5
1650985133.193661, 6
1650985133.209409, 5
1650985133.225698, 6
1650985133.242643, 7
1650985133.261527, 6
1650985133.279975, 7
1650985133.300127, 8
1650985133.318326, 6
1650985133.334806, 9
1650985133.351788, 8
1650985133.370958, 9
1650985133.388177, 7
1650985133.406591, 8
1650985133.423722, 10
1650985133.439585, 9
1650985133.457051, 8
1650985133.473230, 10
1650985133.489190, 8
1650985133.506214, 8
1650985133.524017, 2
1650985133.544602, 2
1650985133.560921, 3
1650985133.576956, 2
1650985133.593356, 3
1650985133.609112, 3
1650985133.624992, 3
1650985133.640589, 5
1650985133.659323, 3
1650985133.675093, 5
1650985133.691457, 4
1650985133.708586, 4
1650985133.724574, 6
1650985133.741669, 5
1650985133.759178, 5
1650985133.776489, 5
1650985133.794776, 6
1650985133.810812, 7
1650985133.826358, 7
1650985133.842066, 7
1650985133.858223, 7
1650985133.880336, 8
1650985133.896771, 8
1650985133.918717, 9
1650985133.938500, 7
1650985133.958678, 9
1650985133.976467, 9
1650985133.993039, 9
1650985134.010671, 9
1650985134.027218, 8
1650985134.042790, 10
1650985134.060738, 9
1650985134.078239, 8
1650985134.093788, 7
1650985134.112727, 4
1650985134.129004, 3
1650985134.148541, 4
1650985134.166448, 2
1650985134.186753, 2
1650985134.204511, 4
1650985134.222663, 4
1650985134.238983, 4
1650985134.256587, 5
1650985134.275322, 5
1650985134.293397, 4
1650985134.309528, 5
1650985134.326394, 4
1650985134.343880, 6
1650985134.361714, 7
1650985134.378119, 6
1650985134.394827, 6
1650985134.414481, 6
1650985134.430377, 7
1650985134.447567, 7
1650985134.466519, 8
1650985134.484288, 6
1650985134.500661, 9
1650985134.517297, 8
1650985134.534134, 8
1650985134.549547, 9
1650985134.565595, 9
1650985134.582957, 10
1650985134.602872, 9
1650985134.618989, 10
1650985134.633817, 9
1650985134.651479, 8
1650985134.668891, 6
1650985134.686609, 3
1650985134.703663, 2
1650985134.720597, 2
1650985134.736897, 2
1650985134.756710, 2
1650985134.774324, 2
1650985134.793308, 4
1650985134.810442, 2
1650985134.827940, 4
1650985134.845681, 3
1650985134.861820, 5
1650985134.877618, 4
1650985134.895308, 4
1650985134.912245, 5
1650985134.927800, 5
1650985134.943906, 5
1650985134.961415, 6
1650985134.978272, 6
1650985134.994879, 6
1650985135.010573, 6
1650985135.028521, 7
1650985135.045410, 8
1650985135.061473, 7
1650985135.078403, 7
1650985135.096621, 7
1650985135.112980, 8
1650985135.130721, 9
1650985135.149543, 8
1650985135.166558, 9
1650985135.183774, 8
1650985135.202699, 9
1650985135.219587, 8
1650985135.236921, 8
1650985135.255633, 4
1650985135.273495, 4
1650985135.291435, 1
1650985135.308377, 4
1650985135.328518, 3
1650985135.354239, 3
1650985135.372550, 4
1650985135.393059, 3
1650985135.410553, 3
1650985135.432683, 3
1650985135.450278, 5
1650985135.469127, 4
1650985135.485556, 5
1650985135.504820, 6
1650985135.523499, 4
1650985135.540018, 6
1650985135.557001, 5
1650985135.573980, 8
1650985135.590078, 7
1650985135.611232, 8
1650985135.628416, 6
1650985135.644369, 8
1650985135.660523, 9
1650985135.677723, 8
1650985135.694941, 8
1650985135.711901, 9
1650985135.727353, 9
1650985135.743391, 6
1650985135.763018, 6
1650985135.781017, 6
1650985135.799134, 5
1650985135.816438, 1
1650985135.838783, 2
1650985135.855026, 3
1650985135.871721, 2
1650985135.888483, 3
1650985135.906873, 3
1650985135.923900, 2
1650985135.940642, 3
1650985135.956349, 4
1650985135.974747, 4
1650985135.991358, 5
1650985136.008914, 4
1650985136.025206, 6
1650985136.042187, 4
1650985136.058828, 6
1650985136.074290, 5
1650985136.089778, 5
1650985136.105795, 4
1650985136.123215, 9
1650985136.145403, 6
1650985136.163132, 5
1650985136.180605, 8
1650985136.196902, 8
1650985136.213090, 8
1650985136.229911, 8
1650985136.246542, 10
1650985136.266500, 9
1650985136.283153, 9
1650985136.303281, 7
1650985136.321377, 7
1650985136.338444, 8
1650985136.354650, 7
1650985136.373148, 3
1650985136.389135, 2
1650985136.404693, 3
1650985136.420260, 2
1650985136.436356, 4
1650985136.452415, 3
1650985136.471158, 3
1650985136.488540, 3
1650985136.507371, 4
1650985136.526141, 5
1650985136.543886, 3
1650985136.560719, 3
1650985136.579183, 4
1650985136.598954, 5
1650985136.616157, 4
1650985136.634111, 6
1650985136.655032, 7
1650985136.672361, 6
1650985136.689293, 8
1650985136.705575, 7
1650985136.721536, 7
1650985136.737828, 7
1650985136.753268, 8
1650985136.772765, 8
1650985136.790574, 7
1650985136.808156, 7
1650985136.825026, 8
1650985136.840998, 8
1650985136.860311, 7
1650985136.876892, 8
1650985136.892782, 7
1650985136.911972, 1
1650985136.928460, 3
1650985136.946872, 3
1650985136.965333, 3
1650985136.984711, 3
1650985137.000625, 4
1650985137.016358, 3
1650985137.034519, 3
1650985137.050814, 4
1650985137.069471, 5
1650985137.086562, 4
1650985137.103993, 4
1650985137.120949, 6
1650985137.140611, 5
1650985137.158416, 5
1650985137.175987, 6
1650985137.196649, 5
1650985137.212693, 5
1650985137.229687, 6
1650985137.246971, 7
1650985137.263059, 7
1650985137.278898, 8
1650985137.300548, 8
1650985137.317498, 8
1650985137.334033, 8
1650985137.351820, 7
1650985137.371169, 9
1650985137.389189, 8
1650985137.406158, 10
1650985137.422879, 7
1650985137.438508, 7
1650985137.454572, 8
1650985137.470273, 8
1650985137.485766, 1
1650985137.507429, 2
1650985137.526525, 3
1650985137.544193, 4
1650985137.562161, 3
1650985137.590684, 2
1650985137.608202, 3
1650985137.627428, 4
1650985137.646731, 4
1650985137.662382, 4
1650985137.679913, 5
1650985137.699225, 4
1650985137.719205, 5
1650985137.738856, 4
1650985137.755596, 5
1650985137.774483, 6
1650985137.796407, 6
1650985137.812463, 6
1650985137.829028, 9
1650985137.845138, 7
1650985137.861113, 7
1650985137.880806, 9
1650985137.897207, 8
1650985137.917577, 9
1650985137.936334, 8
1650985137.953907, 9
1650985137.970971, 9
1650985137.990910, 9
1650985138.010309, 6
1650985138.028147, 3
1650985138.047593, 4
1650985138.065166, 3
1650985138.081102, 2
1650985138.105677, 2
1650985138.121254, 4
1650985138.137616, 3
1650985138.154843, 4
1650985138.172826, 3
1650985138.188908, 4
1650985138.207003, 3
1650985138.227219, 5
1650985138.243832, 5
1650985138.259924, 6
1650985138.276261, 5
1650985138.292344, 7
1650985138.308200, 6
1650985138.326398, 5
1650985138.346027, 6
1650985138.361586, 8
1650985138.378113, 7
1650985138.394165, 8
1650985138.410107, 8
1650985138.427470, 8
1650985138.447130, 7
1650985138.468359, 8
1650985138.488670, 7
1650985138.505167, 9
1650985138.524234, 9
1650985138.541719, 9
1650985138.558868, 8
1650985138.576691, 8
1650985138.592974, 7
1650985138.614389, 4
1650985138.631203, 1
1650985138.651092, 4
1650985138.668487, 2
1650985138.684412, 4
1650985138.705409, 3
1650985138.723182, 2
1650985138.741043, 3
1650985138.759496, 3
1650985138.777578, 4
1650985138.793628, 4
1650985138.809365, 6
1650985138.827082, 5
1650985138.845287, 4
1650985138.870434, 6
1650985138.887821, 6
1650985138.905835, 7
1650985138.921706, 6
1650985138.940959, 8
1650985138.958156, 8
1650985138.976436, 7
1650985138.993292, 8
1650985139.010238, 8
1650985139.027402, 8
1650985139.046539, 8
1650985139.062826, 10
1650985139.079517, 9
1650985139.095930, 10
1650985139.112120, 8
1650985139.128607, 8
1650985139.145127, 8
1650985139.162894, 6
1650985139.179822, 2
1650985139.200696, 2
1650985139.221142, 3
1650985139.238488, 3
1650985139.256365, 2
1650985139.273117, 4
1650985139.289568, 3
1650985139.306442, 3
1650985139.322948, 5
1650985139.339735, 5
1650985139.357543, 4
1650985139.374031, 6
1650985139.390626, 5
1650985139.407382, 6
1650985139.423520, 5
1650985139.440737, 6
1650985139.457280, 6
1650985139.474836, 6
1650985139.494228, 7
1650985139.511429, 8
1650985139.530868, 6
1650985139.553699, 7
1650985139.578549, 8
1650985139.597460, 8
1650985139.614730, 10
1650985139.630930, 7
1650985139.648728, 8
1650985139.665902, 8
1650985139.682914, 5
1650985139.701386, 2
1650985139.718986, 2
1650985139.738026, 2
1650985139.754781, 3
1650985139.771637, 3
1650985139.792054, 5
1650985139.809776, 2
1650985139.825547, 3
1650985139.844323, 4
1650985139.860217, 4
1650985139.877508, 3
1650985139.893072, 4
1650985139.908421, 5
1650985139.924731, 5
1650985139.941120, 5
1650985139.957400, 6
1650985139.973801, 6
1650985139.992938, 5
1650985140.009544, 7
1650985140.026636, 7
1650985140.047425, 6
1650985140.064436, 7
1650985140.082830, 8
1650985140.101612, 8
1650985140.117091, 8
1650985140.134514, 8
1650985140.152243, 9
1650985140.168504, 9
1650985140.184983, 10
1650985140.201900, 8
1650985140.219591, 9
1650985140.238471, 9
1650985140.255213, 9
1650985140.271738, 8
1650985140.287962, 7
1650985140.305211, 3
1650985140.323565, 2
1650985140.339710, 2
1650985140.356775, 2
1650985140.372983, 3
1650985140.392209, 4
1650985140.408461, 3
1650985140.424318, 4
1650985140.442842, 3
1650985140.460327, 4
1650985140.477058, 5
1650985140.495403, 5
1650985140.513576, 6
1650985140.532420, 6
1650985140.548476, 5
1650985140.564783, 6
1650985140.581620, 7
1650985140.597864, 6
1650985140.614025, 8
1650985140.630025, 8
1650985140.646992, 7
1650985140.663149, 7
1650985140.679318, 9
1650985140.700448, 8
1650985140.717066, 9
1650985140.732947, 9
1650985140.752734, 10
1650985140.768181, 9
1650985140.785025, 9
1650985140.802162, 9
1650985140.820853, 8
1650985140.837039, 6
1650985140.852706, 3
1650985140.869731, 4
1650985140.886779, 2
1650985140.905828, 1
1650985140.922231, 4
1650985140.939416, 2
1650985140.956743, 3
1650985140.974566, 3
1650985140.990371, 3
1650985141.009972, 4
1650985141.031991, 4
1650985141.048172, 5
1650985141.066560, 6
1650985141.082320, 4
1650985141.099842, 5
1650985141.116887, 5
1650985141.133369, 5
1650985141.150051, 5
1650985141.165505, 6
1650985141.182152, 6
1650985141.200410, 8
1650985141.218157, 7
1650985141.234647, 6
1650985141.252134, 7
1650985141.273720, 7
1650985141.291333, 8
1650985141.307538, 8
1650985141.324794, 8
1650985141.340928, 10
1650985141.357543, 8
1650985141.373631, 8
1650985141.391270, 8
1650985141.407939, 2
1650985141.424336, 1
1650985141.442270, 3
1650985141.460372, 4
1650985141.481025, 3
1650985141.496500, 2
1650985141.513663, 3
1650985141.530120, 2
1650985141.545895, 3
1650985141.564576, 4
1650985141.580235, 4
1650985141.599020, 5
1650985141.616649, 4
1650985141.632436, 5
1650985141.650796, 6
1650985141.668521, 6
1650985141.684293, 6
1650985141.701886, 5
1650985141.720755, 7
1650985141.737172, 7
1650985141.753455, 8
1650985141.771296, 7
1650985141.788271, 8
1650985141.806617, 8
1650985141.824331, 8
1650985141.840231, 7
1650985141.857146, 10
1650985141.873607, 9
1650985141.893403, 10
1650985141.909795, 9
1650985141.929684, 9
1650985141.948881, 9
1650985141.964481, 7
1650985141.979405, 2
1650985141.995820, 0
1650985142.012615, 3
1650985142.028403, 3
1650985142.045737, 2
1650985142.063456, 3
1650985142.079601, 4
1650985142.096471, 2
1650985142.112389, 5
1650985142.128761, 2
1650985142.145605, 4
1650985142.162081, 4
1650985142.179388, 4
1650985142.195365, 5
1650985142.214870, 5
1650985142.233835, 4
1650985142.250979, 7
1650985142.268008, 5
1650985142.287125, 6
1650985142.303877, 7
1650985142.323539, 7
1650985142.347029, 6
1650985142.363653, 7
1650985142.378931, 7
1650985142.396866, 8
1650985142.415056, 7
1650985142.432660, 9
1650985142.451830, 8
1650985142.473021, 9
1650985142.493745, 7
1650985142.512561, 6
1650985142.528632, 3
1650985142.548955, 2
1650985142.565257, 2
1650985142.582066, 3
1650985142.597563, 2
1650985142.613063, 3
1650985142.628282, 3
1650985142.643398, 4
1650985142.659356, 3
1650985142.677001, 3
1650985142.692777, 4
1650985142.709154, 4
1650985142.725764, 6
1650985142.741518, 5
1650985142.757118, 5
1650985142.773038, 7
1650985142.789493, 6
1650985142.805741, 5
1650985142.822210, 8
1650985142.839951, 7
1650985142.856645, 5
1650985142.875439, 9
1650985142.894726, 7
1650985142.912541, 6
1650985142.932217, 8
1650985142.954574, 6
1650985142.971440, 8
1650985142.987973, 9
1650985143.004324, 9
1650985143.019210, 9
1650985143.036449, 9
1650985143.056535, 9
1650985143.072890, 7
1650985143.088920, 6
1650985143.105615, 4
1650985143.123676, 3
1650985143.149315, 3
1650985143.168080, 3
1650985143.183722, 3
1650985143.203515, 3
1650985143.221579, 4
1650985143.240915, 4
1650985143.259376, 4
1650985143.276593, 4
1650985143.292921, 5
1650985143.309686, 5
1650985143.325301, 6
1650985143.340820, 5
1650985143.357349, 7
1650985143.373896, 5
1650985143.388616, 6
1650985143.404404, 6
1650985143.422231, 8
1650985143.439655, 8
1650985143.456332, 7
1650985143.471510, 6
1650985143.488981, 7
1650985143.507501, 8
1650985143.524704, 8
1650985143.541551, 8
1650985143.563248, 10
1650985143.582156, 7
1650985143.601137, 7
1650985143.616591, 8
1650985143.635726, 6
1650985143.653276, 4
1650985143.669199, 1
1650985143.684518, 2
1650985143.700466, 3
1650985143.716636, 2
1