1650985332.567411 0
1650985332.586359 1
1650985332.603390 0
1650985332.627835 0
1650985332.663085 4
1650985332.687407 9
1650985332.710945 18
1650985332.729170 25
1650985332.760087 27
1650985332.777480 30
1650985332.795689 33
1650985332.812799 37
1650985332.828290 40
1650985332.845486 46
1650985332.863123 49
1650985332.880985 49
1650985332.897997 49
1650985332.918513 49
1650985332.934528 49
1650985332.950877 50
1650985332.967909 49
1650985332.984384 50
1650985333.000762 49
1650985333.020846 50
1650985333.039107 49
1650985333.057116 49
1650985333.073484 49
1650985333.096466 50
1650985333.113042 48
1650985333.129500 48
1650985333.146172 50
1650985333.162060 50
1650985333.179797 48
1650985333.199491 49
1650985333.219099 49
1650985333.244743 50
1650985333.273874 48
1650985333.291359 49
1650985333.309392 50
1650985333.328928 46
1650985333.348690 48
1650985333.371678 49
1650985333.389314 49
1650985333.409787 48
1650985333.426893 49
1650985333.443570 48
1650985333.462877 50
1650985333.479645 48
1650985333.499245 47
1650985333.516965 50
1650985333.533797 48
1650985333.549869 48
1650985333.568781 47
1650985333.587869 47
1650985333.608194 48
1650985333.625408 47
1650985333.644284 50
1650985333.660376 47
1650985333.678381 49
1650985333.695175 48
1650985333.712265 45
1650985333.730293 46
1650985333.747803 47
1650985333.765839 47
1650985333.782116 49
1650985333.797478 47
1650985333.814570 46
1650985333.834387 49
1650985333.851454 46
1650985333.876146 49
1650985333.893117 46
1650985333.909972 46
1650985333.926127 47
1650985333.942677 48
1650985333.958546 49
1650985333.974585 49
1650985333.993796 45
1650985334.015105 39
1650985334.030749 37
1650985334.046732 31
1650985334.062868 29
1650985334.081967 22
1650985334.099127 26
1650985334.116210 27
1650985334.132240 24
1650985334.148158 17
1650985334.165642 18
1650985334.180737 21
1650985334.196535 22
1650985334.213288 16
1650985334.234563 13
1650985334.256498 16
1650985334.277908 16
1650985334.294950 15
1650985334.314025 16
1650985334.330881 15
1650985334.348877 16
1650985334.365061 15
1650985334.380731 17
1650985334.399041 16
1650985334.415593 17
1650985334.431638 16
1650985334.448314 16
1650985334.464224 17
1650985334.482543 17
1650985334.499563 17
1650985334.516739 17
1650985334.534180 17
1650985334.550876 17
1650985334.568009 19
1650985334.586179 18
1650985334.603786 18
1650985334.620552 19
1650985334.637363 19
1650985334.652807 17
1650985334.668899 18
1650985334.685682 20
1650985334.705774 19
1650985334.721966 18
1650985334.738789 19
1650985334.755400 20
1650985334.772144 20
1650985334.788415 19
1650985334.804200 20
1650985334.819996 20
1650985334.844281 21
1650985334.862230 20
1650985334.882907 19
1650985334.899080 21
1650985334.917881 22
1650985334.934074 21
1650985334.951379 21
1650985334.967891 22
1650985334.984233 23
1650985335.001562 23
1650985335.021694 20
1650985335.038608 21
1650985335.056692 22
1650985335.078590 22
1650985335.098149 21
1650985335.114442 22
1650985335.131036 22
1650985335.148201 23
1650985335.167532 21
1650985335.187090 21
1650985335.202826 24
1650985335.219417 23
1650985335.237276 23
1650985335.255505 23
1650985335.272576 23
1650985335.289518 23
1650985335.305930 24
1650985335.323742 24
1650985335.340825 24
1650985335.359651 24
1650985335.380114 24
1650985335.397084 24
1650985335.412285 23
1650985335.430563 23
1650985335.447241 24
1650985335.463965 23
1650985335.480795 24
1650985335.499360 23
1650985335.516675 24
1650985335.533982 25
1650985335.558942 26
1650985335.577067 25
1650985335.592909 26
1650985335.610128 25
1650985335.629006 27
1650985335.648635 25
1650985335.668782 25
1650985335.686448 27
1650985335.706987 27
1650985335.724696 26
1650985335.742606 26
1650985335.760417 26
1650985335.779045 27
1650985335.798322 26
1650985335.816958 27
1650985335.837444 26
1650985335.855077 26
1650985335.871870 26
1650985335.892452 26
1650985335.908796 27
1650985335.925829 27
1650985335.942576 28
1650985335.963317 28
1650985335.980080 28
1650985335.998875 27
1650985336.018382 29
1650985336.034109 28
1650985336.054005 27
1650985336.071470 28
1650985336.090859 28
1650985336.107775 28
1650985336.125006 27
1650985336.142126 28
1650985336.164521 27
1650985336.182139 30
1650985336.201479 28
1650985336.219606 29
1650985336.237550 29
1650985336.255969 30
1650985336.272438 29
1650985336.288906 29
1650985336.304398 29
1650985336.319996 30
1650985336.336505 28
1650985336.352447 29
1650985336.368261 30
1650985336.386244 31
1650985336.403841 30
1650985336.423997 31
1650985336.444060 30
1650985336.461862 29
1650985336.483113 29
1650985336.500203 30
1650985336.518041 31
1650985336.535348 32
1650985336.552842 31
1650985336.569394 31
1650985336.589195 31
1650985336.606242 31
1650985336.625833 31
1650985336.642491 30
1650985336.658593 31
1650985336.674755 31
1650985336.691116 30
1650985336.712988 32
1650985336.728599 33
1650985336.745279 33
1650985336.764837 32
1650985336.781930 31
1650985336.798725 32
1650985336.815014 31
1650985336.830191 32
1650985336.849728 32
1650985336.866685 33
1650985336.882187 31
1650985336.898378 33
1650985336.918525 32
1650985336.934378 33
1650985336.953002 32
1650985336.969624 33
1650985336.989293 33
1650985337.007418 33
1650985337.024724 33
1650985337.042712 32
1650985337.062033 32
1650985337.082919 34
1650985337.098974 35
1650985337.118588 34
1650985337.135733 35
1650985337.157055 33
1650985337.177552 33
1650985337.195060 35
1650985337.211869 35
1650985337.229727 33
1650985337.245854 34
1650985337.262484 34
1650985337.278429 34
1650985337.294405 35
1650985337.312360 36
1650985337.329937 35
1650985337.349039 35
1650985337.368428 36
1650985337.385001 36
1650985337.401696 34
1650985337.418634 35
1650985337.435389 36
1650985337.451678 36
1650985337.469815 34
1650985337.485054 35
1650985337.501543 37
1650985337.522349 35
1650985337.542530 36
1650985337.561754 36
1650985337.578782 36
1650985337.595669 36
1650985337.611665 36
1650985337.627504 36
1650985337.643913 37
1650985337.659662 36
1650985337.675920 36
1650985337.692621 36
1650985337.711692 36
1650985337.728386 37
1650985337.746338 37
1650985337.762667 39
1650985337.784194 38
1650985337.801715 37
1650985337.818516 36
1650985337.835766 37
1650985337.852586 37
1650985337.870344 35
1650985337.886955 37
1650985337.907414 37
1650985337.927475 38
1650985337.945251 39
1650985337.962126 39
1650985337.979872 39
1650985337.996594 38
1650985338.014926 39
1650985338.031911 38
1650985338.048999 37
1650985338.066968 39
1650985338.083827 38
1650985338.100500 38
1650985338.118008 38
1650985338.135163 37
1650985338.151380 38
1650985338.168202 40
1650985338.185024 39
1650985338.206065 40
1650985338.223164 39
1650985338.239456 39
1650985338.256442 38
1650985338.273580 41
1650985338.291405 41
1650985338.307488 40
1650985338.325974 39
1650985338.345428 40
1650985338.361559 39
1650985338.380013 39
1650985338.396264 40
1650985338.414192 39
1650985338.434321 40
1650985338.451285 40
1650985338.468998 40
1650985338.486692 41
1650985338.504547 39
1650985338.525107 40
1650985338.544231 39
1650985338.560566 40
1650985338.579717 40
1650985338.598674 38
1650985338.614428 40
1650985338.633261 40
1650985338.654476 42
1650985338.673018 40
1650985338.688882 41
1650985338.710834 41
1650985338.728754 42
1650985338.746028 41
1650985338.762195 43
1650985338.779988 42
1650985338.798202 42
1650985338.818202 42
1650985338.839806 42
1650985338.856534 43
1650985338.874939 41
1650985338.892740 42
1650985338.910957 42
1650985338.927559 42
1650985338.946090 43
1650985338.963803 42
1650985338.980802 43
1650985338.999074 41
1650985339.015966 42
1650985339.033540 43
1650985339.054479 42
1650985339.073472 42
1650985339.092297 44
1650985339.109309 43
1650985339.129049 44
1650985339.146315 43
1650985339.162650 44
1650985339.181168 42
1650985339.197287 43
1650985339.215549 44
1650985339.232547 44
1650985339.248860 45
1650985339.270189 44
1650985339.290726 44
1650985339.311119 44
1650985339.330063 43
1650985339.348434 42
1650985339.366058 45
1650985339.383668 44
1650985339.402368 44
1650985339.420239 44
1650985339.437942 43
1650985339.458113 45
1650985339.475707 44
1650985339.492742 44
1650985339.508618 44
1650985339.524714 44
1650985339.545946 44
1650985339.562705 44
1650985339.582734 45
1650985339.600357 45
1650985339.619657 45
1650985339.637725 45
1650985339.655237 45
1650985339.677489 46
1650985339.694001 45
1650985339.712788 45
1650985339.730335 45
1650985339.756720 45
1650985339.776264 45
1650985339.792892 45
1650985339.809844 45
1650985339.827640 45
1650985339.844682 47
1650985339.866315 46
1650985339.885661 45
1650985339.903578 46
1650985339.920865 46
1650985339.936875 46
1650985339.953906 46
1650985339.971224 46
1650985339.987655 46
1650985340.005317 47
1650985340.021406 46
1650985340.037478 46
1650985340.052748 46
1650985340.068717 46
1650985340.085422 46
1650985340.101052 47
1650985340.120917 45
1650985340.138285 48
1650985340.162697 48
1650985340.180198 48
1650985340.199689 49
1650985340.215688 48
1650985340.235150 47
1650985340.254361 47
1650985340.272436 49
1650985340.290350 48
1650985340.305790 48
1650985340.321320 48
1650985340.337929 47
1650985340.360404 48
1650985340.376081 47
1650985340.392862 48
1650985340.412455 49
1650985340.431334 49
1650985340.447051 48
1650985340.463106 49
1650985340.480713 48
1650985340.496477 47
1650985340.511307 48
1650985340.527223 48
1650985340.543074 49
1650985340.561261 48
1650985340.576979 48
1650985340.593602 49
1650985340.610492 49
1650985340.628471 49
1650985340.645119 49
1650985340.661687 49
1650985340.677811 48
1650985340.696055 49
1650985340.715827 49
1650985340.733276 49
1650985340.750577 49
1650985340.768677 49
1650985340.785980 49
1650985340.804550 49
1650985340.822395 48
1650985340.841890 49
1650985340.864414 48
1650985340.882490 48
1650985340.904187 48
1650985340.921270 47
1650985340.939518 49
1650985340.958797 49
1650985340.979567 48
1650985340.999153 48
1650985341.016180 49
1650985341.034652 48
1650985341.054162 47
1650985341.069942 47
1650985341.087523 46
1650985341.103521 44
1650985341.119710 37
1650985341.135347 33
1650985341.152246 26
1650985341.167881 21
1650985341.185218 23
1650985341.201225 22
1650985341.219685 23
1650985341.235471 22
1650985341.252257 22
1650985341.268532 23
1650985341.288415 24
1650985341.305053 22
1650985341.322399 22
1650985341.339853 24
1650985341.356856 22
1650985341.372414 23
1650985341.388372 23
1650985341.404460 24
1650985341.424318 23
1650985341.441590 23
1650985341.457341 24
1650985341.473665 23
1650985341.489937 24
1650985341.508109 24
1650985341.525648 24
1650985341.541964 24
1650985341.563585 23
1650985341.580018 25
1650985341.596646 24
1650985341.613032 24
1650985341.629439 23
1650985341.645703 23
1650985341.662064 25
1650985341.677908 25
1650985341.696224 24
1650985341.713019 25
1650985341.728721 26
1650985341.747260 25
1650985341.762703 25
1650985341.781759 26
1650985341.799517 25
1650985341.817887 25
1650985341.833603 25
1650985341.853270 26
1650985341.871371 26
1650985341.888418 26
1650985341.904516 27
1650985341.921328 27
1650985341.938016 26
1650985341.954479 27
1650985341.969865 27
1650985341.987075 27
1650985342.004350 26
1650985342.023467 26
1650985342.041529 27
1650985342.058448 28
1650985342.075204 27
1650985342.091462 27
1650985342.106814 27
1650985342.123014 28
1650985342.143752 28
1650985342.160417 27
1650985342.176841 29
1650985342.192702 28
1650985342.208549 28
1650985342.224937 29
1650985342.244349 28
1650985342.260272 27
1650985342.276805 28
1650985342.293465 29
1650985342.312954 29
1650985342.330641 30
1650985342.350583 29
1650985342.371869 28
1650985342.392746 28
1650985342.408992 30
1650985342.428284 29
1650985342.445207 29
1650985342.461718 30
1650985342.477159 30
1650985342.492538 31
1650985342.508146 30
1650985342.524192 31
1650985342.540405 31
1650985342.559133 30
1650985342.579452 31
1650985342.601083 31
1650985342.618213 29
1650985342.634384 31
1650985342.650071 31
1650985342.665764 31
1650985342.681821 31
1650985342.698284 31
1650985342.718320 31
1650985342.738294 32
1650985342.760975 31
1650985342.782732 31
1650985342.799148 32
1650985342.815921 31
1650985342.835488 31
1650985342.854415 32
1650985342.873034 31
1650985342.892437 31
1650985342.908872 31
1650985342.925005 32
1650985342.940739 31
1650985342.956786 32
1650985342.973272 33
1650985342.989998 33
1650985343.005335 32
1650985343.023168 33
1650985343.040698 34
1650985343.057422 34
1650985343.076192 33
1650985343.093448 33
1650985343.111557 33
1650985343.127949 34
1650985343.145839 33
1650985343.163653 34
1650985343.179348 33
1650985343.195323 33
1650985343.210457 34
1650985343.229242 33
1650985343.250881 35
1650985343.268551 34
1650985343.285122 34
1650985343.301863 33
1650985343.318429 34
1650985343.335483 33
1650985343.355569 36
1650985343.373461 37
1650985343.392814 36
1650985343.410018 35
1650985343.430524 34
1650985343.452805 34
1650985343.470373 35
1650985343.487062 34
1650985343.507136 35
1650985343.524812 35
1650985343.542396 34
1650985343.559522 36
1650985343.576226 37
1650985343.592869 38
1650985343.612710 37
1650985343.631306 35
1650985343.646449 36
1650985343.663137 35
1650985343.680565 37
1650985343.697541 37
1650985343.713372 37
1650985343.729490 36
1650985343.749292 36
1650985343.766286 37
1650985343.784712 38
1650985343.800498 39
1650985343.818005 38
1650985343.836717 37
1650985343.857241 37
1650985343.874200 38
1650985343.891068 37
1650985343.906882 37
1650985343.922470 37
1650985343.938170 37
1650985343.959552 37
1650985343.978307 38
1650985343.996932 41
1650985344.014499 39
1650985344.035024 38
1650985344.051367 39
1650985344.072192 37
1650985344.092551 38
1650985344.112803 39
1650985344.129518 38
1650985344.147163 39
1650985344.164027 39
1650985344.181874 39
1650985344.202452 38
1650985344.219837 39
1650985344.237913 40
1650985344.253718 39
1650985344.269561 41
1650985344.285267 40
1650985344.307787 38
1650985344.324269 38
1650985344.340344 39
1650985344.356230 38
1650985344.374592 39
1650985344.391341 39
1650985344.407972 39
1650985344.425149 40
1650985344.442242 39
1650985344.458157 42
1650985344.473756 40
1650985344.488751 41
1650985344.507146 40
1650985344.525114 39
1650985344.541293 39
1650985344.561214 40
1650985344.577462 40
1650985344.596618 40
1650985344.612961 40
1650985344.634009 40
1650985344.657293 41
1650985344.674282 41
1650985344.692927 42
1650985344.709955 43
1650985344.728727 42
1650985344.746298 42
1650985344.762800 41
1650985344.782818 41
1650985344.807291 41
1650985344.823452 41
1650985344.845121 42
1650985344.862059 40
1650985344.878135 42
1650985344.894781 42
1650985344.910867 43
1650985344.926998 41
1650985344.943672 42
1650985344.960008 43
1650985344.976960 44
1650985344.993992 42
1650985345.014402 43
1650985345.031945 42
1650985345.047451 42
1650985345.065478 40
1650985345.085477 40
1650985345.101399 42
1650985345.118575 44
1650985345.137129 43
1650985345.164626 44
1650985345.181744 44
1650985345.197536 44
1650985345.213832 43
1650985345.230577 42
1650985345.251420 42
1650985345.271648 43
1650985345.288886 43
1650985345.304537 44
1650985345.326861 42
1650985345.344284 43
1650985345.362232 43
1650985345.380795 44
1650985345.397415 44
1650985345.415696 45
1650985345.435229 45
1650985345.452214 44
1650985345.469180 46
1650985345.486914 44
1650985345.504290 44
1650985345.521026 44
1650985345.537687 43
1650985345.554745 44
1650985345.572520 46
1650985345.589067 45
1650985345.607219 44
1650985345.623859 46
1650985345.640627 46
1650985345.657735 44
1650985345.678229 44
1650985345.694819 45
1650985345.716700 45
1650985345.737240 46
1650985345.755446 45
1650985345.777414 45
1650985345.794683 45
1650985345.813034 47
1650985345.830077 46
1650985345.849832 45
1650985345.873149 47
1650985345.891064 46
1650985345.907978 46
1650985345.928182 45
1650985345.948509 46
1650985345.964566 45
1650985345.981864 46
1650985345.999602 46
1650985346.018131 46
1650985346.035753 47
1650985346.051689 47
1650985346.068485 48
1650985346.086306 46
1650985346.104635 48
1650985346.124115 47
1650985346.141733 47
1650985346.158018 46
1650985346.177300 46
1650985346.198669 45
1650985346.215124 47
1650985346.235611 47
1650985346.254001 47
1650985346.271693 46
1650985346.294862 47
1650985346.310694 48
1650985346.329261 48
1650985346.346842 49
1650985346.362659 49
1650985346.379339 49
1650985346.396384 48
1650985346.421180 47
1650985346.443749 46
1650985346.463259 47
1650985346.479482 47
1650985346.496854 47
1650985346.514426 47
1650985346.531692 47
1650985346.548388 48
1650985346.564458 49
1650985346.584257 48
1650985346.603919 47
1650985346.621584 48
1650985346.641050 46
1650985346.657071 44
1650985346.677071 40
1650985346.694327 33
1650985346.711479 27
1650985346.732352 21
1650985346.750161 21
1650985346.768665 21
1650985346.788782 22
1650985346.805192 21
1650985346.820681 24
1650985346.836907 23
1650985346.852830 23
1650985346.868532 22
1650985346.887568 20
1650985346.903370 21
1650985346.922895 23
1650985346.940247 22
1650985346.959781 23
1650985346.978750 24
1650985346.997694 23
1650985347.016954 21
1650985347.034036 23
1650985347.050873 22
1650985347.069365 23
1650985347.089297 22
1650985347.107417 23
1650985347.125371 23
1650985347.145509 24
1650985347.164298 24
1650985347.180991 23
1650985347.198657 24
1650985347.216156 22
1650985347.233824 25
1650985347.250179 25
1650985347.266712 24
1650985347.282562 24
1650985347.297602 23
1650985347.313005 26
1650985347.331342 25
1650985347.348246 27
1650985347.367640 25
1650985347.385489 25
1650985347.401000 25
1650985347.416212 25
1650985347.432282 26
1650985347.447862 25
1650985347.464563 26
1650985347.479871 25
1650985347.496359 25
1650985347.515928 27
1650985347.533728 27
1650985347.557092 27
1650985347.575798 26
1650985347.592322 27
1650985347.608065 26
1650985347.623703 27
1650985347.639466 26
1650985347.656292 26
1650985347.672123 28
1650985347.690739 27
1650985347.707423 29
1650985347.723769 28
1650985347.741137 28
1650985347.760562 29
1650985347.779352 27
1650985347.797230 27
1650985347.814461 29
1650985347.832708 27
1650985347.851093 27
1650985347.866854 28
1650985347.885059 26
1650985347.904849 29
1650985347.925254 29
1650985347.941915 30
1650985347.958351 29
1650985347.975343 29
1650985347.993127 29
1650985348.009373 29
1650985348.025219 29
1650985348.041870 30
1650985348.058638 28
1650985348.075534 30
1650985348.097655 31
1650985348.116213 30
1650985348.134227 30
1650985348.154859 31
1650985348.177290 29
1650985348.193322 29
1650985348.211870 29
1650985348.229983 30
1650985348.251221 30
1650985348.267759 30
1650985348.285046 30
1650985348.303810 31
1650985348.326542 31
1650985348.343905 32
1650985348.360509 32
1650985348.377441 31
1650985348.399229 30
1650985348.418575 32
1650985348.436431 31
1650985348.453775 31
1650985348.471064 31
1650985348.487705 32
1650985348.505809 32
1650985348.524554 33
1650985348.543082 33
1650985348.561148 33
1650985348.578725 33
1650985348.595906 32
1650985348.612874 33
1650985348.629178 32
1650985348.644964 32
1650985348.660981 32
1650985348.678066 32
1650985348.695944 34
1650985348.713040 33
1650985348.729473 33
1650985348.745843 35
1650985348.763958 34
1650985348.779502 33
1650985348.796156 32
1650985348.814254 33
1650985348.831007 33
1650985348.850210 34
1650985348.867132 35
1650985348.885436 34
1650985348.902256 33
1650985348.919066 36
1650985348.936272 35
1650985348.953114 34
1650985348.971189 34
1650985348.988213 34
1650985349.004736 34
1650985349.020999 34
1650985349.038226 35
1650985349.057199 34
1650985349.073326 34
1650985349.089182 35
1650985349.106298 36
1650985349.127501 35
1650985349.142750 36
1650985349.162416 36
1650985349.178141 36
1650985349.193779 35
1650985349.209714 35
1650985349.226443 35
1650985349.242065 35
1650985349.259523 35
1650985349.277588 36
1650985349.293846 35
1650985349.309911 38
1650985349.327190 37
1650985349.343972 36
1650985349.361106 38
1650985349.377713 37
1650985349.398078 36
1650985349.416737 35
1650985349.431958 36
1650985349.448427 35
1650985349.464749 35
1650985349.483050 37
1650985349.499276 38
1650985349.517237 37
1650985349.534628 39
1650985349.552412 38
1650985349.568859 37
1650985349.585992 38
1650985349.603202 37
1650985349.622607 35
1650985349.642866 36
1650985349.660295 37
1650985349.676677 37
1650985349.693724 38
1650985349.709706 38
1650985349.725217 38
1650985349.741791 40
1650985349.760425 39
1650985349.778193 38
1650985349.794834 38
1650985349.810740 39
1650985349.826937 37
1650985349.843753 37
1650985349.859395 39
1650985349.875660 38
1650985349.892637 38
1650985349.908727 39
1650985349.925138 39
1650985349.942440 39
1650985349.960504 40
1650985349.976209 40
1650985349.995922 39
1650985350.018206 39
1650985350.034771 41
1650985350.052885 38
1650985350.072705 38
1650985350.091276 38
1650985350.114039 40
1650985350.129378 39
1650985350.146617 40
1650985350.165446 41
1650985350.184594 40
1650985350.200407 40
1650985350.219994 41
1650985350.237366 41
1650985350.254046 41
1650985350.270068 41
1650985350.287723 39
1650985350.304279 40
1650985350.322441 40
1650985350.338795 40
1650985350.354437 40
1650985350.370893 41
1650985350.388221 40
1650985350.404318 41
1650985350.421218 42
1650985350.439045 42
1650985350.455439 41
1650985350.473455 41
1650985350.490851 43
1650985350.510520 39
1650985350.528651 40
1650985350.551296 41
1650985350.568205 41
1650985350.584211 41
1650985350.600351 43
1650985350.622139 42
1650985350.644377 43
1650985350.662398 42
1650985350.681310 42
1650985350.699058 43
1650985350.719462 43
1650985350.736494 42
1650985350.753712 42
1650985350.770778 42
1650985350.786907 42
1650985350.805869 43
1650985350.822275 43
1650985350.838732 44
1650985350.854563 44
1650985350.871099 44
1650985350.887877 44
1650985350.903723 43
1650985350.920219 44
1650985350.937074 44
1650985350.957042 44
1650985350.973634 44
1650985350.991275 43
1650985351.007018 43
1650985351.023871 42
1650985351.041671 43
1650985351.057827 44
1650985351.073791 44
1650985351.090069 45
1650985351.105926 46
1650985351.121891 45
1650985351.138672 45
1650985351.159918 45
1650985351.179436 46
1650985351.195927 44
1650985351.211219 46
1650985351.229517 45
1650985351.247103 46
1650985351.262790 44
1650985351.279121 44
1650985351.294854 43
1650985351.314809 44
1650985351.330800 46
1650985351.347746 47
1650985351.364559 46
1650985351.381240 46
1650985351.401366 46
1650985351.419527 44
1650985351.435166 45
1650985351.454467 44
1650985351.473818 46
1650985351.489719 45
1650985351.510698 45
1650985351.527736 46
1650985351.545058 46
1650985351.564369 47
1650985351.582800 46
1650985351.601187 48
1650985351.622690 47
1650985351.640801 47
1650985351.657842 47
1650985351.674204 46
1650985351.690833 45
1650985351.711776 47
1650985351.727551 47
1650985351.745000 45
1650985351.761155 47
1650985351.777060 46
1650985351.793469 47
1650985351.809779 48
1650985351.825929 47
1650985351.841311 47
1650985351.857017 48
1650985351.872522 47
1650985351.887880 48
1650985351.904071 47
1650985351.920308 47
1650985351.937408 47
1650985351.954019 47
1650985351.974616 48
1650985351.991475 47
1650985352.008496 47
1650985352.024662 50
1650985352.041203 48
1650985352.058802 49
1650985352.076182 48
1650985352.092485 49
1650985352.111019 48
1650985352.129917 49
1650985352.150765 48
1650985352.167099 49
1650985352.188743 46
1650985352.205587 47
1650985352.225859 48
1650985352.242808 48
1650985352.261579 48
1650985352.280629 50
1650985352.299181 50
1650985352.317150 49
1650985352.334593 48
1650985352.351860 49
1650985352.367131 48
1650985352.383111 47
1650985352.404723 47
1650985352.420965 47
1650985352.444384 46
1650985352.460674 47
1650985352.477353 46
1650985352.493868 47
1650985352.509734 46
1650985352.528237 46
1650985352.544739 46
1650985352.560415 47
1650985352.576427 41
1650985352.591450 37
1650985352.609799 33
1650985352.627266 27
1650985352.643352 23
1650985352.658855 21
1650985352.674532 20
1650985352.692838 21
1650985352.708443 21
1650985352.725230 22
1650985352.743937 22
1650985352.761024 24
1650985352.779621 22
1650985352.797755 22
1650985352.815041 21
1650985352.833364 22
1650985352.849398 22
1650985352.865311 23
1650985352.881344 22
1650985352.897494 23
1650985352.916237 24
1650985352.932563 24
1650985352.949085 23
1650985352.965348 22
1650985352.985257 22
1650985353.001200 24
1650985353.020058 22
1650985353.042627 24
1650985353.059302 24
1650985353.081091 24
1650985353.099898 26
1650985353.117600 24
1650985353.137786 26
1650985353.153987 25
1650985353.170601 24
1650985353.187331 25
1650985353.207528 26
1650985353.224729 24
1650985353.242085 26
1650985353.258980 25
1650985353.276169 25
1650985353.293655 26
1650985353.311204 27
1650985353.328356 26
1650985353.345145 25
1650985353.361757 26
1650985353.379838 25
1650985353.397201 25
1650985353.420331 26
1650985353.436108 27
1650985353.453562 27
1650985353.471780 27
1650985353.488744 28
1650985353.504619 27
1650985353.523901 28
1650985353.540199 26
1650985353.559175 27
1650985353.578174 26
1650985353.594671 28
1650985353.610943 28
1650985353.630441 27
1650985353.650332 28
1650985353.666929 29
1650985353.682765 28
1650985353.702624 28
1650985353.720099 29
1650985353.737158 27
1650985353.756218 28
1650985353.774680 28
1650985353.792562 28
1650985353.808540 29
1650985353.825133 29
1650985353.841043 28
1650985353.861594 29
1650985353.878111 30
1650985353.895667 30
1650985353.911728 29
1650985353.928779 29
1650985353.946106 28
1650985353.962544 29
1650985353.978543 30
1650985353.993628 30
1650985354.009823 30
1650985354.026056 29
1650985354.042605 31
1650985354.059143 31
1650985354.078789 32
1650985354.101680 31
1650985354.120571 30
1650985354.136968 30
1650985354.153586 31
1650985354.177179 30
1650985354.194747 31
1650985354.214655 30
1650985354.233107 30
1650985354.249410 32
1650985354.265041 33
1650985354.283403 33
1650985354.300191 32
1650985354.317872 33
1650985354.339167 31
1650985354.364705 31
1650985354.385738 33
1650985354.402320 33
1650985354.420548 31
1650985354.436133 31
1650985354.451471 32
1650985354.467083 33
1650985354.483677 33
1650985354.499717 33
1650985354.519557 33
1650985354.536318 32
1650985354.553928 33
1650985354.571394 33
1650985354.587024 33
1650985354.602417 35
1650985354.618257 33
1650985354.633301 33
1650985354.649703 33
1650985354.664620 35
1650985354.682751 34
1650985354.700238 35
1650985354.716555 34
1650985354.732682 35
1650985354.752242 34
1650985354.768677 34
1650985354.790370 35
1650985354.806947 33
1650985354.823519 35
1650985354.839062 34
1650985354.854516 33
1650985354.871420 35
1650985354.887539 34
1650985354.907380 35
1650985354.923040 35
1650985354.941380 36
1650985354.961200 36
1650985354.978089 35
1650985354.995166 35
1650985355.012823 35
1650985355.030359 36
1650985355.048073 34
1650985355.064924 35
1650985355.080827 36
1650985355.096243 36
1650985355.113243 35
1650985355.132149 36
1650985355.149159 36
1650985355.165857 36
1650985355.181443 36
1650985355.197119 35
1650985355.214847 37
1650985355.231881 36
1650985355.252282 35
1650985355.268810 36
1650985355.285794 37
1650985355.308255 38
1650985355.325824 38
1650985355.342978 39
1650985355.360595 36
1650985355.380246 36
1650985355.398324 37
1650985355.415533 37
1650985355.432307 37
1650985355.448268 37
1650985355.464301 37
1650985355.480622 36
1650985355.498017 37
1650985355.515214 38
1650985355.532634 37
1650985355.549444 40
1650985355.566335 38
1650985355.582774 39
1650985355.598699 38
1650985355.616046 38
1650985355.633543 38
1650985355.650611 38
1650985355.669675 38
1650985355.687497 38
1650985355.705182 37
1650985355.721123 39
1650985355.737826 40
1650985355.754616 39
1650985355.771006 41
1650985355.791670 40
1650985355.808820 40
1650985355.825342 38
1650985355.844528 39
1650985355.862230 40
1650985355.880350 38
1650985355.900262 39
1650985355.917535 38
1650985355.937049 39
1650985355.955020 40
1650985355.974403 39
1650985355.990011 39
1650985356.005735 42
1650985356.022355 41
1650985356.038980 39
1650985356.054362 40
1650985356.073642 40
1650985356.090263 39
1650985356.111983 40
1650985356.131590 40
1650985356.151596 40
1650985356.168446 42
1650985356.185277 42
1650985356.203765 41
1650985356.221097 41
1650985356.237397 42
1650985356.254725 41
1650985356.272744 40
1650985356.294641 42
1650985356.312361 42
1650985356.328354 41
1650985356.345280 42
1650985356.365411 42
1650985356.383832 43
1650985356.400424 43
1650985356.417719 43
1650985356.436977 43
1650985356.456425 43
1650985356.474315 44
1650985356.492351 43
1650985356.511022 43
1650985356.528781 42
1650985356.545531 42
1650985356.561084 42
1650985356.577266 42
1650985356.593717 41
1650985356.611939 43
1650985356.628920 43
1650985356.644383 43
1650985356.660828 42
1650985356.676893 43
1650985356.692931 44
1650985356.709270 42
1650985356.729482 43
1650985356.752470 44
1650985356.770813 43
1650985356.787734 44
1650985356.809635 44
1650985356.829581 44
1650985356.847276 43
1650985356.866149 44
1650985356.882617 44
1650985356.900553 44
1650985356.917955 45
1650985356.936937 45
1650985356.952353 45
1650985356.968606 44
1650985356.984991 44
1650985357.001528 44
1650985357.017724 45
1650985357.033837 44
1650985357.052804 42
1650985357.068492 44
1650985357.085609 45
1650985357.104831 44
1650985357.122180 45
1650985357.139067 45
1650985357.156390 45
1650985357.177861 44
1650985357.197699 44
1650985357.214540 45
1650985357.234020 45
1650985357.251333 44
1650985357.270592 45
1650985357.288301 44
1650985357.305004 44
1650985357.320535 46
1650985357.336198 47
1650985357.352122 46
1650985357.368658 45
1650985357.387105 47
1650985357.404574 46
1650985357.423156 45
1650985357.440399 45
1650985357.456642 45
1650985357.473191 46
1650985357.488814 46
1650985357.505294 46
1650985357.520569 47
1650985357.536311 46
1650985357.555363 46
1650985357.572221 47
1650985357.588553 47
1650985357.603886 48
1650985357.620491 47
1650985357.636185 47
1650985357.652608 46
1650985357.668750 46
1650985357.684293 47
1650985357.701516 47
1650985357.716513 47
1650985357.734256 47
1650985357.751728 47
1650985357.771404 47
1650985357.790279 49
1650985357.807523 48
1650985357.824719 48
1650985357.843031 46
1650985357.864341 49
1650985357.881754 48
1650985357.897537 46
1650985357.916141 46
1650985357.932585 46
1650985357.953093 47
1650985357.970139 47
1650985357.987554 47
1650985358.006413 46
1650985358.022372 49
1650985358.037909 48
1650985358.053737 47
1650985358.069151 47
1650985358.084585 46
1650985358.099972 46
1650985358.116447 45
1650985358.131918 44
1650985358.147299 41
1650985358.164249 33
1650985358.180132 30
1650985358.196446 24
1650985358.213141 20
1650985358.228714 20
1650985358.244723 21
1650985358.263879 23
1650985358.280645 22
1650985358.297380 22
1650985358.314236 21
1650985358.332389 22
1650985358.350662 22
1650985358.369085 21
1650985358.385128 22
1650985358.401099 23
1650985358.421236 22
1650985358.436321 24
1650985358.453145 23
1650985358.469016 24
1650985358.484615 22
1650985358.502397 22
1650985358.517908 22
1650985358.534764 23
1650985358.551867 23
1650985358.570262 23
1650985358.585939 23
1650985358.602590 24
1650985358.619710 25
1650985358.636756 24
1650985358.652460 24
1650985358.668888 25
1650985358.686773 24
1650985358.702869 25
1650985358.719268 24
1650985358.735249 24
1650985358.752760 24
1650985358.769132 24
1650985358.786048 27
1650985358.805221 25
1650985358.820707 27
1650985358.838507 26
1650985358.853764 24
1650985358.871507 26
1650985358.888270 27
1650985358.904815 26
1650985358.921881 25
1650985358.937467 26
1650985358.957236 26
1650985358.977034 26
1650985358.993407 28
1650985359.009900 26
1650985359.025730 28
1650985359.042881 26
1650985359.060311 27
1650985359.076534 27
1650985359.092872 27
1650985359.110833 26
1650985359.130525 27
1650985359.147822 28
1650985359.166810 27
1650985359.185710 28
1650985359.201986 29
1650985359.219290 29
1650985359.235785 28
1650985359.252925 27
1650985359.295469 28
1650985359.315108 27
1650985359.331347 28
1650985359.351680 29
1650985359.371685 30
1650985359.388721 28
1650985359.404947 29
1650985359.422252 29
1650985359.439057 27
1650985359.457476 29
1650985359.473450 28
1650985359.489636 28
1650985359.506700 30
1650985359.523210 28
1650985359.540595 29
1650985359.559037 31
1650985359.576188 29
1650985359.593238 31
1650985359.608479 30
1650985359.624179 31
1650985359.642997 30
1650985359.658934 29
1650985359.674205 31
1650985359.692669 30
1650985359.709483 30
1650985359.726746 31
1650985359.744200 33
1650985359.762344 33
1650985359.781432 31
1650985359.798688 32
1650985359.818244 32
1650985359.834398 30
1650985359.852649 32
1650985359.869550 31
1650985359.890848 30
1650985359.906933 30
1650985359.924708 32
1650985359.940658 31
1650985359.957494 32
1650985359.976475 33
1650985359.994627 33
1650985360.013881 32
1650985360.030902 31
1650985360.047888 32
1650985360.064509 32
1650985360.080662 31
1650985360.097569 32
1650985360.114807 33
1650985360.131169 33
1650985360.148777 33
1650985360.165617 33
1650985360.184708 35
1650985360.203798 34
1650985360.222676 33
1650985360.240311 32
1650985360.257280 33
1650985360.275892 34
1650985360.291910 33
1650985360.308011 33
1650985360.323956 33
1650985360.340174 33
1650985360.359686 35
1650985360.376501 35
1650985360.393223 36
1650985360.408841 35
1650985360.425149 36
1650985360.441884 34
1650985360.457239 35
1650985360.477221 35
1650985360.493640 33
1650985360.510595 36
1650985360.527775 34
1650985360.544866 36
1650985360.562016 34
1650985360.580065 36
1650985360.597097 35
1650985360.614412 36
1650985360.630678 37
1650985360.646490 37
1650985360.662415 34
1650985360.678335 35
1650985360.693739 36
1650985360.711892 34
1650985360.727155 35
1650985360.743248 36
1650985360.762299 36
1650985360.778098 36
1650985360.794825 38
1650985360.810647 36
1650985360.828692 37
1650985360.845660 36
1650985360.860951 38
1650985360.877540 36
1650985360.894299 36
1650985360.910420 36
1650985360.926266 36
1650985360.943044 36
1650985360.962501 37
1650985360.979983 37
1650985360.997463 38
1650985361.014775 38
1650985361.032270 38
1650985361.053912 37
1650985361.069528 38
1650985361.085161 38
1650985361.101719 37
1650985361.118196 37
1650985361.137776 37
1650985361.154465 39
1650985361.171049 39
1650985361.187355 40
1650985361.202488 40
1650985361.217775 39
1650985361.237645 38
1650985361.253224 38
1650985361.269966 40
1650985361.287344 39
1650985361.303386 38
1650985361.319754 38
1650985361.336745 39
1650985361.361924 38
1650985361.378299 38
1650985361.395470 39
1650985361.413539 39
1650985361.429478 39
1650985361.444770 40
1650985361.459625 39
1650985361.476803 39
1650985361.492630 40
1650985361.510887 39
1650985361.528958 39
1650985361.546860 39
1650985361.565972 38
1650985361.584151 38
1650985361.604576 38
1650985361.621201 40
1650985361.638662 40
1650985361.658954 41
1650985361.676307 41
1650985361.693691 41
1650985361.710940 41
1650985361.728499 41
1650985361.747715 42
1650985361.766628 40
1650985361.783776 39
1650985361.802436 40
1650985361.818930 40
1650985361.834784 39
1650985361.850473 40
1650985361.868455 42
1650985361.888471 41
1650985361.906629 42
1650985361.927152 43
1650985361.947841 42
1650985361.963443 41
1650985361.980738 42
1650985362.001565 41
1650985362.021679 42
1650985362.037684 41
1650985362.053409 42
1650985362.069470 41
1650985362.086361 43
1650985362.101915 42
1650985362.118937 43
1650985362.134706 43
1650985362.149842 43
1650985362.165128 43
1650985362.181678 43
1650985362.196654 44
1650985362.214282 42
1650985362.235146 42
1650985362.253161 42
1650985362.269525 42
1650985362.284869 43
1650985362.303739 43
1650985362.320270 42
1650985362.336168 43
1650985362.352570 44
1650985362.369604 44
1650985362.386128 44
1650985362.402646 43
1650985362.418411 43
1650985362.434048 45
1650985362.450845 43
1650985362.468392 43
1650985362.485178 43
1650985362.501727 43
1650985362.519327 44
1650985362.535674 44
1650985362.556010 43
1650985362.573807 44
1650985362.590573 45
1650985362.608605 44
1650985362.625167 45
1650985362.642182 44
1650985362.657899 46
1650985362.673748 44
1650985362.689323 45
1650985362.705091 46
1650985362.720676 45
1650985362.736877 44
1650985362.753618 44
1650985362.776710 45
1650985362.792760 46
1650985362.812398 45
1650985362.831234 45
1650985362.849080 47
1650985362.866474 46
1650985362.882645 47
1650985362.898059 47
1650985362.913425 46
1650985362.928971 45
1650985362.944754 45
1650985362.959696 47
1650985362.976605 46
1650985362.992738 46
1650985363.009440 45
1650985363.027706 46
1650985363.047230 44
1650985363.067660 46
1650985363.087184 47
1650985363.104150 47
1650985363.121244 48
1650985363.137332 47
1650985363.153479 46
1650985363.172672 46
1650985363.190311 46
1650985363.207959 45
1650985363.226050 48
1650985363.244519 48
1650985363.262225 46
1650985363.280281 47
1650985363.295495 48
1650985363.312387 48
1650985363.328430 47
1650985363.344346 48
1650985363.360535 48
1650985363.376839 48
1650985363.394555 47
1650985363.411296 47
1650985363.430128 47
1650985363.448188 47
1650985363.464584 47
1650985363.481199 47
1650985363.497452 46
1650985363.512624 48
1650985363.530184 49
1650985363.546097 48
1650985363.562430 48
1650985363.578709 49
1650985363.594295 48
1650985363.610080 49
1650985363.627344 48
1650985363.643248 48
1650985363.659312 48
1650985363.676750 47
1650985363.692666 48
1650985363.711357 49
1650985363.727700 48
1650985363.744274 50
1650985363.761224 48
1650985363.778388 48
1650985363.795460 50
1650985363.811701 49
1650985363.828317 48
1650985363.844836 48
1650985363.860699 48
1650985363.877534 48
1650985363.896586 46
1650985363.914426 47
1650985363.934127 46
1650985363.953809 44
1650985363.971654 45
1650985363.990089 46
1650985364.008830 43
1650985364.027391 35
1650985364.047702 29
1650985364.065684 22
1650985364.086002 19
1650985364.103550 22
1650985364.123036 21
1650985364.141017 20
1650985364.156154 21
1650985364.172299 23
1650985364.191593 23
1650985364.209518 24
1650985364.227429 22
1650985364.244202 22
1650985364.261093 23
1650985364.280968 23
1650985364.296901 23
1650985364.316297 23
1650985364.332853 23
1650985364.348951 23
1650985364.364432 24
1650985364.380238 24
1650985364.395847 23
1650985364.412256 25
1650985364.428907 23
1650985364.444575 23
1650985364.460727 25
1650985364.476836 24
1650985364.492722 24
1650985364.512540 23
1650985364.528768 25
1650985364.546668 26
1650985364.563662 25
1650985364.580165 25
1650985364.595421 25
1650985364.612244 25
1650985364.635061 25
1650985364.651581 24
1650985364.669126 25
1650985364.686145 25
1650985364.704540 25
1650985364.723453 25
1650985364.740220 27
1650985364.756760 27
1650985364.775376 25
1650985364.792508 27
1650985364.810185 26
1650985364.828414 26
1650985364.845527 26
1650985364.861853 28
1650985364.877395 27
1650985364.892743 25
1650985364.912194 26
1650985364.928330 26
1650985364.946872 28
1650985364.962725 28
1650985364.979685 28
1650985364.995282 28
1650985365.011391 27
1650985365.027362 28
1650985365.042998 28
1650985365.060594 27
1650985365.077151 29
1650985365.094470 29
1650985365.113294 29
1650985365.130026 29
1650985365.146761 29
1650985365.164429 30
1650985365.181735 28
1650985365.201578 29
1650985365.217604 28
1650985365.233083 29
1650985365.249370 29
1650985365.265623 29
1650985365.282055 29
1650985365.299517 31
1650985365.318252 28
1650985365.335852 30
1650985365.351319 32
1650985365.367644 30
1650985365.383485 29
1650985365.399381 29
1650985365.415153 31
1650985365.431033 29
1650985365.448611 30
1650985365.464781 30
1650985365.480473 30
1650985365.495479 32
1650985365.511296 30
1650985365.527827 31
1650985365.548194 31
1650985365.568824 32
1650985365.588669 29
1650985365.604554 30
1650985365.620918 31
1650985365.639004 31
1650985365.654938 31
1650985365.671164 31
1650985365.686938 33
1650985365.703688 32
1650985365.719357 33
1650985365.742685 33
1650985365.761143 33
1650985365.776350 31
1650985365.792574 32
1650985365.809055 33
1650985365.825717 32
1650985365.842382 33
1650985365.858824 32
1650985365.874583 31
1650985365.894445 32
1650985365.910262 33
1650985365.927143 34
1650985365.944214 34
1650985365.961315 35
1650985365.978496 33
1650985365.995171 34
1650985366.011386 33
1650985366.028788 33
1650985366.044745 33
1650985366.060996 33
1650985366.077627 34
1650985366.093177 35
1650985366.110251 37
1650985366.126874 35
1650985366.143844 34
1650985366.160168 34
1650985366.179200 32
1650985366.196316 34
1650985366.215428 33
1650985366.231068 34
1650985366.249762 33
1650985366.265776 33
1650985366.281673 34
1650985366.300731 37
1650985366.317366 34
1650985366.333052 35
1650985366.348894 36
1650985366.364632 36
1650985366.380204 37
1650985366.394967 35
1650985366.415061 34
1650985366.434755 34
1650985366.452595 35
1650985366.469316 36
1650985366.485975 35
1650985366.501453 34
1650985366.516454 38
1650985366.533865 37
1650985366.550730 36
1650985366.566369 37
1650985366.585463 37
1650985366.600880 36
1650985366.618601 37
1650985366.637696 37
1650985366.655202 34
1650985366.672052 36
1650985366.689046 37
1650985366.705266 36
1650985366.721076 38
1650985366.737525 39
1650985366.754858 40
1650985366.771904 39
1650985366.789527 39
1650985366.807038 41
1650985366.824966 37
1650985366.840972 36
1650985366.859718 37
1650985366.876499 37
1650985366.893615 37
1650985366.909793 37
1650985366.925908 37
1650985366.942365 38
1650985366.958192 39
1650985366.975795 39
1650985366.992321 38
1650985367.009899 40
1650985367.026844 39
1650985367.043506 38
1650985367.059821 37
1650985367.076257 38
1650985367.093556 38
1650985367.110153 38
1650985367.125452 39
1650985367.142446 38
1650985367.163073 40
1650985367.180185 41
1650985367.200387 40
1650985367.221678 39
1650985367.238840 39
1650985367.255964 40
1650985367.277750 39
1650985367.296767 40
1650985367.313636 39
1650985367.336285 38
1650985367.358730 38
1650985367.374982 39
1650985367.394833 42
1650985367.412720 42
1650985367.429066 42
1650985367.445502 41
1650985367.461737 41
1650985367.478250 41
1650985367.494279 40
1650985367.509544 40
1650985367.526735 39
1650985367.544879 40
1650985367.562522 40
1650985367.583678 40
1650985367.600936 40
1650985367.617375 42
1650985367.636999 42
1650985367.653807 43
1650985367.670326 43
1650985367.686675 41
1650985367.702752 42
1650985367.719308 41
1650985367.743802 40
1650985367.760318 41
1650985367.777440 42
1650985367.794774 42
1650985367.816502 41
1650985367.833388 43
1650985367.850713 42
1650985367.870255 43
1650985367.885702 43
1650985367.901876 43
1650985367.920211 43
1650985367.936697 43
1650985367.958112 42
1650985367.974557 42
1650985367.991483 43
1650985368.008217 43
1650985368.026462 44
1650985368.045280 43
1650985368.063796 42
1650985368.080523 44
1650985368.097700 45
1650985368.113224 43
1650985368.131246 42
1650985368.146437 44
1650985368.161914 46
1650985368.178052 45
1650985368.195373 43
1650985368.213354 43
1650985368.232751 45
1650985368.249976 44
1650985368.267287 44
1650985368.285011 44
1650985368.302635 45
1650985368.321038 44
1650985368.341486 44
1650985368.359223 44
1650985368.374536 46
1650985368.391644 45
1650985368.408414 44
1650985368.425286 43
1650985368.440909 44
1650985368.458283 43
1650985368.473559 45
1650985368.489166 44
1650985368.504305 45
1650985368.520740 45
1650985368.540761 44
1650985368.557461 45
1650985368.575508 46
1650985368.591651 47
1650985368.608172 46
1650985368.624230 46
1650985368.639847 46
1650985368.658032 45
1650985368.673412 45
1650985368.689730 45
1650985368.707744 45
1650985368.724285 46
1650985368.741421 45
1650985368.759936 46
1650985368.785814 45
1650985368.804678 47
1650985368.822578 45
1650985368.838951 47
1650985368.855919 48
1650985368.872781 48
1650985368.892435 46
1650985368.912594 46
1650985368.928928 45
1650985368.948614 46
1650985368.964930 47
1650985368.982945 47
1650985369.000654 46
1650985369.019155 46
1650985369.038561 48
1650985369.057909 48
1650985369.078256 46
1650985369.094212 47
1650985369.110885 49
1650985369.131361 46
1650985369.148443 47
1650985369.166825 47
1650985369.184619 48
1650985369.206244 45
1650985369.222094 48
1650985369.239493 48
1650985369.258243 49
1650985369.279677 48
1650985369.302088 50
1650985369.319285 50
1650985369.336532 50
1650985369.352584 48
1650985369.368931 47
1650985369.386649 48
1650985369.404960 48
1650985369.422414 48
1650985369.438215 48
1650985369.453893 47
1650985369.470608 49
1650985369.487965 49
1650985369.505340 49
1650985369.521860 50
1650985369.537717 49
1650985369.554648 49
1650985369.570517 49
1650985369.586204 50
1650985369.603348 49
1650985369.619263 48
1650985369.635772 46
1650985369.652350 49
1650985369.668253 48
1650985369.685795 49
1650985369.701104 48
1650985369.717220 48
1650985369.733673 49
1650985369.750513 48
1650985369.766517 48
1650985369.785448 48
1650985369.800956 49
1650985369.818660 48
1650985369.836243 48
1650985369.853775 47
1650985369.870862 41
1650985369.888268 34
1650985369.905559 28
1650985369.923251 20
1650985369.939113 18
1650985369.957445 10
1650985369.974011 6
1650985369.992017 8
1650985370.008252 6
1650985370.029044 7
1650985370.046004 9
1650985370.067844 6
1650985370.083520 7
1650985370.099517 9
1650985370.114969 8
1650985370.130561 9
1650985370.146355 10
1650985370.162110 9
1650985370.179741 9
1650985370.197072 10
1650985370.212901 10
1650985370.229106 10
1650985370.245116 10
1650985370.260533 10
1650985370.277562 12
1650985370.293173 11
1650985370.310495 13
1650985370.325526 13
1650985370.342243 11
1650985370.359324 11
1650985370.378468 10
1650985370.394598 12
1650985370.411756 13
1650985370.429815 13
1650985370.446096 13
1650985370.462372 13
1650985370.478342 12
1650985370.495860 13
1650985370.511489 12
1650985370.527500 13
1650985370.546462 13
1650985370.563362 14
1650985370.580158 14
1650985370.597511 15
1650985370.613900 15
1650985370.631532 13
1650985370.649352 16
1650985370.668183 15
1650985370.688427 15
1650985370.704222 15
1650985370.720218 16
1650985370.735778 15
1650985370.754900 17
1650985370.772318 16
1650985370.792284 14
1650985370.808551 15
1650985370.830351 17
1650985370.846514 15
1650985370.864711 15
1650985370.883277 16
1650985370.901909 16
1650985370.920417 18
1650985370.938880 18
1650985370.958342 17
1650985370.974501 16
1650985370.992056 17
1650985371.007700 18
1650985371.023954 17
1650985371.039539 19
1650985371.055497 17
1650985371.070903 19
1650985371.087723 19
1650985371.105441 19
1650985371.121147 18
1650985371.137260 17
1650985371.152944 19
1650985371.171179 20
1650985371.189470 18
1650985371.210094 20
1650985371.227917 20
1650985371.244308 19
1650985371.262631 22
1650985371.278677 22
1650985371.295855 20
1650985371.312595 20
1650985371.329554 20
1650985371.347369 20
1650985371.365988 20
1650985371.384205 21
1650985371.400739 21
1650985371.419149 22
1650985371.436963 22
1650985371.454131 21
1650985371.471467 21
1650985371.490347 21
1650985371.507935 22
1650985371.524940 21
1650985371.545505 23
1650985371.563205 23
1650985371.580428 23
1650985371.597386 22
1650985371.614013 23
1650985371.631617 24
1650985371.650332 24
1650985371.667786 23
1650985371.684214 23
1650985371.700977 24
1650985371.717428 24
1650985371.734036 24
1650985371.750803 23
1650985371.765868 24
1650985371.782012 24
1650985371.799085 26
1650985371.815904 24
1650985371.832053 25
1650985371.847812 24
1650985371.869450 24
1650985371.885536 24
1650985371.901577 25
1650985371.919795 24
1650985371.936421 24
1650985371.953909 25
1650985371.969064 25
1650985371.987303 26
1650985372.003261 26
1650985372.020262 24
1650985372.037364 24
1650985372.053477 25
1650985372.069379 26
1650985372.086954 26
1650985372.103852 25
1650985372.120604 25
1650985372.136291 26
1650985372.157055 27
1650985372.177067 26
1650985372.195918 28
1650985372.212273 25
1650985372.229387 28
1650985372.246053 26
1650985372.266514 26
1650985372.284200 27
1650985372.303004 28
1650985372.320431 27
1650985372.342249 27
1650985372.360599 30
1650985372.378401 29
1650985372.394770 30
1650985372.411311 29
1650985372.426940 27
1650985372.442588 28
1650985372.458533 29
1650985372.475766 27
1650985372.491625 29
1650985372.507031 27
1650985372.523849 30
1650985372.541239 29
1650985372.556612 30
1650985372.576772 30
1650985372.595004 29
1650985372.611526 29
1650985372.629725 29
1650985372.646284 29
1650985372.663192 30
1650985372.678928 29
1650985372.695717 30
1650985372.713083 29
1650985372.731108 31
1650985372.751239 31
1650985372.767817 30
1650985372.784355 31
1650985372.799939 30
1650985372.817032 30
1650985372.832900 30
1650985372.848878 30
1650985372.873852 30
1650985372.892963 31
1650985372.908919 31
1650985372.926212 31
1650985372.941539 32
1650985372.959736 32
1650985372.976386 33
1650985372.997299 31
1650985373.014642 32
1650985373.030061 31
1650985373.046700 30
1650985373.063583 33
1650985373.089019 32
1650985373.105083 32
1650985373.122938 33
1650985373.140717 33
1650985373.157609 34
1650985373.175145 33
1650985373.196544 33
1650985373.212685 33
1650985373.231109 31
1650985373.251450 32
1650985373.268737 31
1650985373.284586 31
1650985373.301736 33
1650985373.320528 33
1650985373.338137 34
1650985373.356456 33
1650985373.372787 34
1650985373.389376 35
1650985373.406073 32
1650985373.423694 35
1650985373.440000 33
1650985373.458573 34
1650985373.474847 33
1650985373.490437 34
1650985373.507710 34
1650985373.525967 35
1650985373.543143 35
1650985373.560151 35
1650985373.581097 35
1650985373.598912 35
1650985373.620050 35
1650985373.637373 33
1650985373.654956 36
1650985373.671485 36
1650985373.688778 34
1650985373.705333 34
1650985373.721998 37
1650985373.738046 37
1650985373.758834 36
1650985373.775578 36
1650985373.792752 36
1650985373.810264 35
1650985373.826244 35
1650985373.841639 35
1650985373.857175 36
1650985373.873538 36
1650985373.889958 36
1650985373.905711 36
1650985373.922002 36
1650985373.940216 36
1650985373.958206 38
1650985373.976171 37
1650985373.994097 37
1650985374.010830 37
1650985374.030420 36
1650985374.048730 36
1650985374.069882 37
1650985374.087575 36
1650985374.105871 37
1650985374.121795 36
1650985374.139048 36
1650985374.158019 36
1650985374.174204 38
1650985374.191462 37
1650985374.210681 36
1650985374.227985 38
1650985374.247147 37
1650985374.263672 37
1650985374.281089 38
1650985374.296786 37
1650985374.313571 37
1650985374.329702 38
1650985374.345083 39
1650985374.363174 39
1650985374.379677 40
1650985374.396188 40
1650985374.411523 39
1650985374.426819 39
1650985374.444365 38
1650985374.463095 38
1650985374.479484 37
1650985374.496128 40
1650985374.514541 40
1650985374.531565 40
1650985374.547726 40
1650985374.564432 40
1650985374.580643 41
1650985374.596757 41
1650985374.612616 40
1650985374.630428 40
1650985374.649437 39
1650985374.670925 41
1650985374.687464 39
1650985374.706575 38
1650985374.722896 39
1650985374.740779 40
1650985374.760831 40
1650985374.783512 41
1650985374.801920 40
1650985374.819419 41
1650985374.837770 41
1650985374.856703 41
1650985374.873000 41
1650985374.889664 40
1650985374.908365 40
1650985374.923902 40
1650985374.940670 40
1650985374.956807 40
1650985374.973732 41
1650985374.989981 41
1650985375.006411 42
1650985375.022534 42
1650985375.039959 42
1650985375.057516 43
1650985375.074894 42
1650985375.092734 42
1650985375.109478 42
1650985375.126248 42
1650985375.141848 42
1650985375.157777 43
1650985375.179763 42
1650985375.195819 40
1650985375.215350 41
1650985375.232445 42
1650985375.249856 44
1650985375.267220 42
1650985375.283329 44
1650985375.301872 43
1650985375.318769 44
1650985375.334282 45
1650985375.353521 42
1650985375.371951 42
1650985375.389039 43
1650985375.406261 42
1650985375.422962 43
1650985375.438937 42
1650985375.454978 43
1650985375.470599 44
1650985375.486584 44
1650985375.502730 43
1650985375.519336 45
1650985375.535273 44
1650985375.552276 43
1650985375.569080 44
1650985375.584756 44
1650985375.601957 44
1650985375.622496 42
1650985375.640182 44
1650985375.656484 43
1650985375.673068 44
1650985375.688659 45
1650985375.707784 44
1650985375.724521 46
1650985375.740975 45
1650985375.758730 45
1650985375.774242 44
1650985375.789288 45
1650985375.804594 45
1650985375.821284 44
1650985375.837118 44
1650985375.853756 44
1650985375.870681 45
1650985375.886725 45
1650985375.904239 44
1650985375.926347 46
1650985375.949237 45
1650985375.966567 47
1650985375.984526 45
1650985376.001647 47
1650985376.017576 45
1650985376.034853 46
1650985376.051445 45
1650985376.066795 46
1650985376.083217 46
1650985376.099411 45
1650985376.116262 45
1650985376.132437 45
1650985376.148822 45
1650985376.165612 45
1650985376.182807 47
1650985376.203430 47
1650985376.221842 48
1650985376.238896 47
1650985376.255510 47
1650985376.272243 46
1650985376.289923 46
1650985376.306409 46
1650985376.324560 47
1650985376.340519 46
1650985376.359299 46
1650985376.376481 47
1650985376.396247 45
1650985376.413502 47
1650985376.431257 47
1650985376.448551 47
1650985376.465901 48
1650985376.483903 48
1650985376.500298 48
1650985376.517190 48
1650985376.536421 46
1650985376.552846 47
1650985376.568178 46
1650985376.584353 47
1650985376.600653 47
1650985376.616694 48
1650985376.633590 47
1650985376.650394 49
1650985376.667864 48
1650985376.686572 47
1650985376.703475 49
1650985376.720704 49
1650985376.738189 50
1650985376.757923 49
1650985376.774287 48
1650985376.792253 48
1650985376.810554 47
1650985376.827200 47
1650985376.846851 48
1650985376.866631 49
1650985376.887025 48
1650985376.906445 48
1650985376.927074 48
1650985376.943698 49
1650985376.962967 47
1650985376.980498 47
1650985376.999747 48
1650985377.017975 47
1650985377.035134 48
1650985377.053868 48
1650985377.069703 49
1650985377.084919 48
1650985377.100636 48
1650985377.120618 48
1650985377.137276 46
1650985377.152591 47
1650985377.169544 47
1650985377.189478 46
1650985377.209105 40
1650985377.225110 35
1650985377.242520 28
1650985377.258967 22
1650985377.275352 20
1650985377.291520 21
1650985377.312302 20
1650985377.330040 21
1650985377.347480 21
1650985377.366309 22
1650985377.383826 22
1650985377.400875 22
1650985377.418072 22
1650985377.435527 23
1650985377.452316 22
1650985377.468907 23
1650985377.486353 23
1650985377.502112 23
1650985377.518968 22
1650985377.536717 23
1650985377.552805 23
1650985377.570520 22
1650985377.586485 23
1650985377.603077 23
1650985377.622594 24
1650985377.638853 22
1650985377.658274 24
1650985377.676854 23
1650985377.693611 24
1650985377.712430 24
1650985377.729600 25
1650985377.746426 24
1650985377.762857 25
1650985377.779728 26
1650985377.796224 25
1650985377.811798 25
1650985377.828305 25
1650985377.849204 25
1650985377.864575 25
1650985377.882487 25
1650985377.898370 25
1650985377.920814 25
1650985377.939901 26
1650985377.957558 26
1650985377.974581 26
1650985377.992655 26
1650985378.011758 26
1650985378.034820 25
1650985378.053435 26
1650985378.070223 27
1650985378.086186 27
1650985378.103605 26
1650985378.121591 27
1650985378.139964 26
1650985378.159601 27
1650985378.177250 28
1650985378.198706 26
1650985378.217512 27
1650985378.233194 28
1650985378.251105 27
1650985378.267679 27
1650985378.286067 27
1650985378.303387 29
1650985378.320380 29
1650985378.337881 28
1650985378.357525 27
1650985378.373645 27
1650985378.390951 28
1650985378.407307 27
1650985378.425474 28
1650985378.442521 29
1650985378.464304 29
1650985378.484516 29
1650985378.502135 27
1650985378.521837 27
1650985378.539364 30
1650985378.560535 30
1650985378.579393 29
1650985378.598259 29
1650985378.619590 30
1650985378.636810 30
1650985378.652823 30
1650985378.669159 31
1650985378.687498 30
1650985378.704360 29
1650985378.721639 29
1650985378.737740 31
1650985378.760476 30
1650985378.779711 30
1650985378.799563 31
1650985378.817247 31
1650985378.833622 30
1650985378.850553 32
1650985378.869063 31
1650985378.885987 31
1650985378.902711 30
1650985378.920771 32
1650985378.937928 30
1650985378.955249 31
1650985378.973788 31
1650985378.990338 31
1650985379.010152 32
1650985379.026935 31
1650985379.044668 31
1650985379.061512 32
1650985379.077202 32
1650985379.094584 30
1650985379.110905 33
1650985379.127381 33
1650985379.144485 33
1650985379.162350 32
1650985379.179885 33
1650985379.198404 32
1650985379.215065 33
1650985379.232604 34
1650985379.249389 33
1650985379.265080 33
1650985379.281845 32
1650985379.300287 33
1650985379.317941 34
1650985379.336514 35
1650985379.355513 36
1650985379.373690 35
1650985379.392765 35
1650985379.408302 36
1650985379.424024 34
1650985379.440704 34
1650985379.456936 35
1650985379.474413 34
1650985379.491201 34
1650985379.508650 35
1650985379.524200 35
1650985379.540401 35
1650985379.556246 33
1650985379.573279 34
1650985379.589827 35
1650985379.606068 35
1650985379.621781 36
1650985379.638136 34
1650985379.656038 34
1650985379.675452 34
1650985379.694222 35
1650985379.714302 36
1650985379.731507 36
1650985379.748224 36
1650985379.764920 35
1650985379.780728 34
1650985379.796461 36
1650985379.813258 36
1650985379.831150 36
1650985379.850609 36
1650985379.867302 35
1650985379.883259 35
1650985379.900453 37
1650985379.918176 37
1650985379.935284 36
1650985379.954175 37
1650985379.973479 37
1650985379.991048 36
1650985380.007788 36
1650985380.024518 36
1650985380.040850 38
1650985380.056724 38
1650985380.072587 38
1650985380.089659 37
1650985380.106458 36
1650985380.123499 37
1650985380.147222 37
1650985380.164744 39
1650985380.181305 39
1650985380.196470 38
1650985380.212695 37
1650985380.232024 37
1650985380.248455 38
1650985380.266401 37
1650985380.283766 39
1650985380.300290 38
1650985380.318416 37
1650985380.336834 37
1650985380.353653 38
1650985380.370478 40
1650985380.390836 37
1650985380.406776 39
1650985380.422861 39
1650985380.441898 39
1650985380.458746 39
1650985380.476342 40
1650985380.496287 39
1650985380.512771 39
1650985380.529466 40
1650985380.545865 39
1650985380.561142 39
1650985380.578859 39
1650985380.594757 40
1650985380.613566 39
1650985380.629017 40
1650985380.645146 41
1650985380.662217 41
1650985380.677342 41
1650985380.693783 40
1650985380.711430 40
1650985380.727031 41
1650985380.743743 40
1650985380.760295 41
1650985380.776261 41
1650985380.793503 40
1650985380.808907 40
1650985380.824158 41
1650985380.840555 41
1650985380.857420 40
1650985380.878556 41
1650985380.895287 40
1650985380.912523 40
1650985380.931633 41
1650985380.948273 42
1650985380.964269 42
1650985380.979835 42
1650985380.996604 43
1650985381.014399 41
1650985381.031310 41
1650985381.047784 41
1650985381.064591 42
1650985381.081137 41
1650985381.096276 42
1650985381.111888 42
1650985381.128713 43
1650985381.146193 42
1650985381.163522 41
1650985381.180852 42
1650985381.200727 41
1650985381.220607 42
1650985381.237616 42
1650985381.253994 42
1650985381.271361 43
1650985381.292326 43
1650985381.310741 43
1650985381.328331 43
1650985381.344886 44
1650985381.360648 43
1650985381.376217 43
1650985381.392827 42
1650985381.410665 43
1650985381.427512 44
1650985381.449268 43
1650985381.464568 43
1650985381.483295 43
1650985381.503348 44
1650985381.521088 43
1650985381.537751 43
1650985381.554926 44
1650985381.574817 43
1650985381.590908 44
1650985381.608676 44
1650985381.624292 44
1650985381.640414 44
1650985381.656982 44
1650985381.673487 44
1650985381.693041 44
1650985381.709596 44
1650985381.726850 44
1650985381.744488 44
1650985381.760174 44
1650985381.776234 44
1650985381.794040 45
1650985381.811119 45
1650985381.827600 45
1650985381.844642 45
1650985381.860901 45
1650985381.876971 44
1650985381.895232 45
1650985381.912083 44
1650985381.930092 45
1650985381.946778 44
1650985381.964773 46
1650985381.982074 45
1650985381.999587 45
1650985382.016404 46
1650985382.032451 45
1650985382.048835 45
1650985382.065543 46
1650985382.081300 46
1650985382.097464 46
1650985382.114751 47
1650985382.131923 45
1650985382.148871 46
1650985382.166406 46
1650985382.183136 46
1650985382.200735 46
1650985382.216929 46
1650985382.236005 47
1650985382.255263 47
1650985382.271875 46
1650985382.288257 47
1650985382.305176 46
1650985382.320959 48
1650985382.336633 49
1650985382.351905 49
1650985382.369112 49
1650985382.384691 48
1650985382.400329 48
1650985382.417176 49
1650985382.434549 48
1650985382.451040 46
1650985382.467207 48
1650985382.483886 47
1650985382.501731 49
1650985382.521155 48
1650985382.539490 47
1650985382.555820 49
1650985382.570900 48
1650985382.588250 48
1650985382.604973 48
1650985382.621412 48
1650985382.637513 48
1650985382.654433 47
1650985382.671507 47
1650985382.687535 48
1650985382.703841 48
1650985382.721025 48
1650985382.737704 49
1650985382.754247 47
1650985382.771758 49
1650985382.788425 50
1650985382.806914 48
1650985382.824229 49
1650985382.840522 49
1650985382.858031 49
1650985382.875586 48
1650985382.892258 48
1650985382.910119 48
1650985382.927274 49
1650985382.944365 50
1650985382.962219 49
1650985382.979462 48
1650985382.998452 50
1650985383.018440 49
1650985383.035780 48
1650985383.052367 48
1650985383.071137 49
1650985383.087887 49
1650985383.108511 48
1650985383.125604 49
1650985383.142637 49
1650985383.159936 48
1650985383.178764 48
1650985383.195721 49
1650985383.212362 47
1650985383.228717 46
1650985383.244426 46
1650985383.261247 45
1650985383.276919 44
1650985383.294221 36
1650985383.314525 31
1650985383.332903 25
1650985383.349674 21
1650985383.368463 22
1650985383.385782 22
1650985383.402122 23
1650985383.419375 21
1650985383.435819 22
1650985383.452578 23
1650985383.471546 22
1650985383.490833 21
1650985383.507585 22
1650985383.528213 23
1650985383.547209 23
1650985383.563191 24
1650985383.580327 24
1650985383.595638 23
1650985383.611746 22
1650985383.630941 23
1650985383.647129 24
1650985383.665277 23
1650985383.680218 24
1650985383.697454 24
1650985383.714150 23
1650985383.730323 23
1650985383.747869 24
1650985383.763600 25
1650985383.779052 24
1650985383.796443 24
1650985383.811600 24
1650985383.828362 24
1650985383.844784 25
1650985383.861641 25
1650985383.877681 25
1650985383.894211 25
1650985383.911018 25
1650985383.927235 25
1650985383.944523 25
1650985383.962015 26
1650985383.979772 26
1650985383.998762 27
1650985384.017548 26
1650985384.033192 27
1650985384.049891 26
1650985384.069431 26
1650985384.086602 26
1650985384.102876 27
1650985384.121641 26
1650985384.137638 26
1650985384.156417 27
1650985384.173583 27
1650985384.190161 27
1650985384.206609 27
1650985384.223677 27
1650985384.245072 27
1650985384.262232 28
1650985384.281226 28
1650985384.298589 26
1650985384.316003 28
1650985384.335290 28
1650985384.353274 28
1650985384.370297 27
1650985384.387819 28
1650985384.405126 29
1650985384.423258 29
1650985384.441034 29
1650985384.458170 28
1650985384.475440 29
1650985384.493686 29
1650985384.511985 28
1650985384.527890 28
1650985384.545341 29
1650985384.562145 30
1650985384.578996 29
1650985384.594728 30
1650985384.611648 29
1650985384.627339 29
1650985384.643379 30
1650985384.659256 30
1650985384.674584 30
1650985384.692302 30
1650985384.710779 30
1650985384.729998 30
1650985384.745955 31
1650985384.763723 32
1650985384.779355 30
1650985384.796031 30
1650985384.814953 30
1650985384.836209 30
1650985384.853346 30
1650985384.875605 32
1650985384.893271 31
1650985384.911083 31
1650985384.926930 30
1650985384.943475 32
1650985384.958571 32
1650985384.974358 31
1650985384.991809 31
1650985385.009345 32
1650985385.025241 32
1650985385.041236 31
1650985385.058208 32
1650985385.075944 32
1650985385.092494 33
1650985385.109840 32
1650985385.125657 32
1650985385.144790 33
1650985385.160191 33
1650985385.181563 31
1650985385.197723 32
1650985385.214654 32
1650985385.232819 33
1650985385.249380 32
1650985385.265826 34
1650985385.282693 32
1650985385.299321 32
1650985385.315162 33
1650985385.330623 34
1650985385.346755 34
1650985385.364320 33
1650985385.379983 34
1650985385.396001 33
1650985385.412469 34
1650985385.432483 35
1650985385.448873 34
1650985385.470200 33
1650985385.487631 35
1650985385.505615 36
1650985385.522817 35
1650985385.540979 35
1650985385.557809 35
1650985385.576276 35
1650985385.592240 33
1650985385.609525 35
1650985385.626102 35
1650985385.644719 33
1650985385.660300 35
1650985385.676695 34
1650985385.692701 34
1650985385.708349 36
1650985385.723564 35
1650985385.740407 36
1650985385.756607 35
1650985385.773640 36
1650985385.791708 36
1650985385.810496 35
1650985385.829561 36
1650985385.849601 35
1650985385.873324 33
1650985385.889946 36
1650985385.905670 36
1650985385.921987 35
1650985385.938534 37
1650985385.958418 37
1650985385.979330 36
1650985385.994812 38
1650985386.010841 36
1650985386.029967 36
1650985386.046678 37
1650985386.066849 37
1650985386.083995 38
1650985386.101022 36
1650985386.122290 38
1650985386.139379 36
1650985386.157281 36
1650985386.173927 36
1650985386.191466 38
1650985386.210487 36
1650985386.226766 38
1650985386.241968 38
1650985386.259052 37
1650985386.279567 39
1650985386.296173 39
1650985386.312416 37
1650985386.327995 37
1650985386.344633 39
1650985386.362518 39
1650985386.379462 38
1650985386.395856 37
1650985386.412495 39
1650985386.429364 37
1650985386.446957 38
1650985386.463476 38
1650985386.481146 37
1650985386.497619 39
1650985386.514230 39
1650985386.530609 39
1650985386.547687 39
1650985386.563613 39
1650985386.581355 40
1650985386.597035 41
1650985386.613690 39
1650985386.628935 40
1650985386.645996 39
1650985386.662601 40
1650985386.678989 40
1650985386.694537 40
1650985386.710736 40
1650985386.725999 40
1650985386.743038 42
1650985386.759110 40
1650985386.775857 42
1650985386.795779 39
1650985386.812455 39
1650985386.832336 40
1650985386.848187 39
1650985386.864419 41
1650985386.880974 40
1650985386.899494 41
1650985386.917158 40
1650985386.934984 40
1650985386.951800 41
1650985386.969981 41
1650985386.986359 41
1650985387.002315 42
1650985387.019428 42
1650985387.036692 40
1650985387.052456 42
1650985387.070258 42
1650985387.088578 42
1650985387.105954 41
1650985387.122685 43
1650985387.140191 43
1650985387.156853 41
1650985387.173688 42
1650985387.191811 41
1650985387.208500 42
1650985387.225341 43
1650985387.242702 44
1650985387.259415 43
1650985387.278765 43
1650985387.301036 43
1650985387.318465 44
1650985387.335035 43
1650985387.355229 43
1650985387.373015 44
1650985387.392441 43
1650985387.408764 43
1650985387.426577 43
1650985387.444347 44
1650985387.463183 45
1650985387.478796 45
1650985387.495426 46
1650985387.512670 47
1650985387.529124 44
1650985387.545511 44
1650985387.563591 44
1650985387.580759 43
1650985387.596762 44
1650985387.614188 44
1650985387.631011 44
1650985387.646869 44
1650985387.662895 43
1650985387.678606 44
1650985387.695481 44
1650985387.714795 43
1650985387.734343 46
1650985387.756167 45
1650985387.776927 45
1650985387.794331 45
1650985387.814336 44
1650985387.831168 44
1650985387.847538 44
1650985387.864965 44
1650985387.880645 45
1650985387.904256 46
1650985387.920462 45
1650985387.939700 46
1650985387.959902 44
1650985387.977152 48
1650985387.992807 47
1650985388.009469 47
1650985388.024833 46
1650985388.043435 45
1650985388.060937 45
1650985388.076694 45
1650985388.092851 44
1650985388.108860 46
1650985388.125022 46
1650985388.140491 45
1650985388.156659 47
1650985388.173198 47
1650985388.191023 46
1650985388.205997 47
1650985388.222557 47
1650985388.239008 48
1650985388.256769 47
1650985388.274103 47
1650985388.291175 47
1650985388.307094 46
1650985388.325260 47
1650985388.341522 46
1650985388.358443 46
1650985388.376431 46
1650985388.392348 46
1650985388.410706 46
1650985388.429369 48
1650985388.450687 48
1650985388.468412 47
1650985388.485424 49
1650985388.502852 49
1650985388.519539 48
1650985388.536431 47
1650985388.553158 47
1650985388.569049 47
1650985388.585131 48
1650985388.600248 46
1650985388.619394 48
1650985388.635471 48
1650985388.651990 49
1650985388.672130 50
1650985388.688869 48
1650985388.707121 49
1650985388.723178 49
1650985388.740410 48
1650985388.757488 48
1650985388.775760 47
1650985388.792781 47
1650985388.809444 47
1650985388.827208 46
1650985388.845115 46
1650985388.861359 45
1650985388.882985 46
1650985388.902679 43
1650985388.923105 39
1650985388.944278 29
1650985388.972515 21
1650985388.996192 22
1650985389.034697 19
1650985389.051746 22
1650985389.070056 21
1650985389.092518 23
1650985389.109250 23
1650985389.124866 22
1650985389.144433 21
1650985389.160894 22
1650985389.176754 23
1650985389.192369 22
1650985389.210360 22
1650985389.225820 21
1650985389.242841 21
1650985389.262383 22
1650985389.299168 23
1650985389.324952 23
1650985389.342790 23
1650985389.360336 23
1650985389.377423 22
1650985389.399134 23
1650985389.427563 21
1650985389.452645 25
1650985389.471150 24
1650985389.487790 25
1650985389.505161 24
1650985389.522594 25
1650985389.541300 23
1650985389.560850 25
1650985389.581692 24
1650985389.597307 25
1650985389.614200 26
1650985389.629366 24
1650985389.646485 25
1650985389.664918 26
1650985389.684114 27
1650985389.702551 27
1650985389.722695 25
1650985389.740332 26
1650985389.762983 25
1650985389.782799 27
1650985389.801330 26
1650985389.820199 26
1650985389.835713 27
1650985389.854081 28
1650985389.870418 27
1650985389.886272 27
1650985389.906262 27
1650985389.926446 26
1650985389.949134 27
1650985389.972975 29
1650985389.998912 27
1650985390.023483 27
1650985390.044724 29
1650985390.065664 30
1650985390.088257 28
1650985390.112808 28
1650985390.131489 29
1650985390.156214 28
1650985390.176443 28
1650985390.200627 28
1650985390.236274 27
1650985390.253793 28
1650985390.275354 29
1650985390.295385 30
1650985390.313120 29
1650985390.331163 30
1650985390.347632 29
1650985390.363365 29
1650985390.380296 30
1650985390.400606 30
1650985390.416451 30
1650985390.433205 30
1650985390.449580 30
1650985390.465600 30
1650985390.481318 31
1650985390.497546 32
1650985390.514330 30
1650985390.532194 30
1650985390.553200 30
1650985390.575236 31
1650985390.593469 31
1650985390.610923 31
1650985390.627243 31
1650985390.650768 33
1650985390.667347 32
1650985390.688492 33
1650985390.705242 32
1650985390.721747 32
1650985390.738659 31
1650985390.758437 32
1650985390.777961 31
1650985390.798177 30
1650985390.815713 31
1650985390.835774 35
1650985390.852650 33
1650985390.869266 34
1650985390.886612 33
1650985390.903563 33
1650985390.920670 32
1650985390.936226 33
1650985390.954950 31
1650985390.971933 32
1650985390.991124 34
1650985391.014328 33
1650985391.036139 31
1650985391.052874 35
1650985391.072274 32
1650985391.093080 34
1650985391.109641 33
1650985391.129147 32
1650985391.146591 34
1650985391.163525 33
1650985391.180728 33
1650985391.198115 33
1650985391.214580 34
1650985391.229630 35
1650985391.247296 35
1650985391.264277 35
1650985391.287731 36
1650985391.304754 34
1650985391.321453 35
1650985391.339014 34
1650985391.360558 34
1650985391.376567 34
1650985391.392381 35
16