1650985517.621199, 0
1650985517.641201, 1
1650985517.656526, 0
1650985517.678010, 6
1650985517.712405, 0
1650985517.730122, 7
1650985517.748576, 10
1650985517.767682, 16
1650985517.787525, 20
1650985517.804555, 22
1650985517.820644, 26
1650985517.837238, 30
1650985517.852769, 33
1650985517.869709, 40
1650985517.891352, 43
1650985517.906840, 48
1650985517.925077, 56
1650985517.943426, 61
1650985517.959895, 66
1650985517.976159, 70
1650985517.992684, 74
1650985518.008389, 80
1650985518.024313, 84
1650985518.040802, 87
1650985518.057529, 92
1650985518.073136, 96
1650985518.089387, 100
1650985518.105039, 104
1650985518.121414, 110
1650985518.145722, 117
1650985518.163046, 121
1650985518.185074, 126
1650985518.202568, 129
1650985518.219557, 136
1650985518.240857, 142
1650985518.264325, 147
1650985518.280428, 150
1650985518.297207, 149
1650985518.313495, 149
1650985518.340256, 150
1650985518.371388, 149
1650985518.388629, 150
1650985518.404754, 150
1650985518.423267, 150
1650985518.443764, 149
1650985518.465646, 150
1650985518.482067, 150
1650985518.515107, 150
1650985518.536880, 150
1650985518.553257, 150
1650985518.571335, 149
1650985518.592580, 150
1650985518.607783, 149
1650985518.624484, 149
1650985518.642212, 149
1650985518.659144, 149
1650985518.678700, 150
1650985518.698743, 150
1650985518.718737, 149
1650985518.756074, 150
1650985518.776866, 150
1650985518.793128, 149
1650985518.810101, 150
1650985518.835772, 150
1650985518.886199, 150
1650985518.909096, 149
1650985518.937763, 150
1650985518.955028, 148
1650985518.975104, 148
1650985518.990925, 149
1650985519.013733, 147
1650985519.037806, 147
1650985519.062751, 149
1650985519.081093, 148
1650985519.098132, 150
1650985519.114508, 150
1650985519.130933, 149
1650985519.146493, 149
1650985519.163773, 148
1650985519.179434, 149
1650985519.199439, 149
1650985519.221602, 149
1650985519.238716, 150
1650985519.255183, 149
1650985519.275090, 150
1650985519.291635, 150
1650985519.308747, 149
1650985519.324805, 150
1650985519.344808, 149
1650985519.373804, 150
1650985519.390777, 149
1650985519.406660, 148
1650985519.423802, 149
1650985519.455381, 150
1650985519.475179, 143
1650985519.510440, 148
1650985519.526481, 149
1650985519.549146, 148
1650985519.569447, 148
1650985519.588212, 148
1650985519.607468, 148
1650985519.629199, 150
1650985519.650149, 148
1650985519.668899, 149
1650985519.686487, 148
1650985519.704233, 148
1650985519.722669, 148
1650985519.741845, 148
1650985519.767409, 149
1650985519.787290, 149
1650985519.804503, 149
1650985519.821569, 148
1650985519.839028, 149
1650985519.855703, 149
1650985519.873316, 150
1650985519.891467, 149
1650985519.907128, 149
1650985519.923845, 148
1650985519.940135, 150
1650985519.959376, 149
1650985519.976245, 149
1650985519.994665, 150
1650985520.010845, 148
1650985520.026673, 149
1650985520.048196, 149
1650985520.065360, 147
1650985520.081002, 149
1650985520.097120, 149
1650985520.115318, 147
1650985520.133822, 145
1650985520.155265, 145
1650985520.173395, 147
1650985520.191592, 146
1650985520.208736, 145
1650985520.226545, 148
1650985520.243522, 146
1650985520.260464, 146
1650985520.280806, 146
1650985520.298228, 150
1650985520.315236, 148
1650985520.338800, 146
1650985520.354828, 145
1650985520.372279, 145
1650985520.389258, 146
1650985520.405141, 145
1650985520.422199, 146
1650985520.438711, 146
1650985520.455565, 147
1650985520.471320, 145
1650985520.487400, 148
1650985520.510301, 146
1650985520.528171, 147
1650985520.545850, 149
1650985520.563512, 146
1650985520.582461, 148
1650985520.600338, 148
1650985520.616398, 147
1650985520.636219, 147
1650985520.655046, 145
1650985520.677097, 148
1650985520.692726, 148
1650985520.709450, 150
1650985520.725271, 149
1650985520.742975, 145
1650985520.760408, 148
1650985520.776268, 145
1650985520.796381, 146
1650985520.813158, 149
1650985520.829535, 148
1650985520.846318, 147
1650985520.865311, 144
1650985520.882770, 140
1650985520.903312, 137
1650985520.921116, 131
1650985520.939238, 126
1650985520.956334, 125
1650985520.973195, 123
1650985520.989151, 119
1650985521.006959, 116
1650985521.026633, 111
1650985521.043722, 109
1650985521.061458, 103
1650985521.078978, 100
1650985521.101864, 98
1650985521.119949, 95
1650985521.136545, 94
1650985521.160603, 95
1650985521.184269, 93
1650985521.202610, 94
1650985521.219966, 91
1650985521.240226, 88
1650985521.258353, 86
1650985521.276543, 80
1650985521.293823, 73
1650985521.311183, 69
1650985521.332859, 61
1650985521.350231, 61
1650985521.373626, 60
1650985521.394270, 59
1650985521.411362, 58
1650985521.426897, 59
1650985521.442519, 57
1650985521.464912, 58
1650985521.482622, 58
1650985521.503817, 57
1650985521.523149, 57
1650985521.540287, 58
1650985521.557215, 57
1650985521.573190, 59
1650985521.588834, 56
1650985521.605422, 57
1650985521.620708, 57
1650985521.636452, 58
1650985521.655814, 58
1650985521.678554, 56
1650985521.695794, 57
1650985521.719499, 58
1650985521.736256, 56
1650985521.762225, 56
1650985521.778349, 55
1650985521.795847, 56
1650985521.815659, 55
1650985521.832234, 55
1650985521.849798, 55
1650985521.867339, 55
1650985521.883977, 55
1650985521.900994, 55
1650985521.918894, 56
1650985521.939210, 57
1650985521.955832, 56
1650985521.972318, 55
1650985521.988512, 56
1650985522.004282, 56
1650985522.020998, 56
1650985522.037529, 54
1650985522.053817, 56
1650985522.070210, 56
1650985522.086912, 56
1650985522.105399, 56
1650985522.120975, 54
1650985522.137989, 57
1650985522.155732, 55
1650985522.175429, 54
1650985522.193852, 56
1650985522.211230, 56
1650985522.232251, 57
1650985522.248892, 57
1650985522.266463, 57
1650985522.282610, 56
1650985522.299351, 58
1650985522.315558, 57
1650985522.332585, 55
1650985522.353976, 55
1650985522.370582, 57
1650985522.391221, 57
1650985522.409495, 56
1650985522.426478, 55
1650985522.444807, 55
1650985522.460680, 56
1650985522.479900, 56
1650985522.496924, 55
1650985522.514857, 55
1650985522.534567, 55
1650985522.553370, 57
1650985522.570384, 55
1650985522.588759, 56
1650985522.611116, 56
1650985522.631206, 56
1650985522.649531, 56
1650985522.666392, 57
1650985522.683549, 57
1650985522.700552, 57
1650985522.717249, 58
1650985522.732775, 58
1650985522.749645, 56
1650985522.766041, 57
1650985522.782423, 59
1650985522.800777, 59
1650985522.822638, 59
1650985522.840225, 59
1650985522.858970, 58
1650985522.879536, 57
1650985522.900812, 59
1650985522.924252, 57
1650985522.941841, 56
1650985522.959038, 57
1650985522.976398, 57
1650985522.996334, 57
1650985523.019489, 57
1650985523.040463, 57
1650985523.059618, 56
1650985523.078463, 56
1650985523.098519, 57
1650985523.115253, 56
1650985523.131474, 57
1650985523.146817, 57
1650985523.162094, 57
1650985523.177061, 59
1650985523.194287, 58
1650985523.211013, 58
1650985523.232248, 58
1650985523.249354, 58
1650985523.268325, 57
1650985523.286442, 60
1650985523.304129, 57
1650985523.325046, 57
1650985523.342186, 57
1650985523.358569, 59
1650985523.375328, 58
1650985523.391355, 58
1650985523.407331, 58
1650985523.423553, 58
1650985523.439550, 58
1650985523.458172, 58
1650985523.475082, 58
1650985523.491366, 59
1650985523.511444, 59
1650985523.527868, 59
1650985523.546154, 59
1650985523.563112, 59
1650985523.580645, 59
1650985523.597346, 60
1650985523.614352, 58
1650985523.630124, 60
1650985523.649347, 60
1650985523.667894, 58
1650985523.687150, 59
1650985523.704328, 59
1650985523.721880, 59
1650985523.739458, 60
1650985523.756100, 59
1650985523.772154, 58
1650985523.789560, 60
1650985523.804941, 59
1650985523.822397, 59
1650985523.839928, 60
1650985523.858580, 60
1650985523.876173, 61
1650985523.895385, 59
1650985523.912420, 60
1650985523.928788, 60
1650985523.946016, 60
1650985523.963930, 60
1650985523.980297, 60
1650985523.996793, 61
1650985524.013218, 61
1650985524.035049, 60
1650985524.052230, 60
1650985524.069579, 59
1650985524.085937, 60
1650985524.102498, 60
1650985524.118313, 61
1650985524.141345, 61
1650985524.161599, 60
1650985524.178238, 61
1650985524.196783, 61
1650985524.213474, 61
1650985524.230704, 62
1650985524.248204, 62
1650985524.265050, 61
1650985524.284056, 61
1650985524.304301, 61
1650985524.323213, 61
1650985524.341714, 62
1650985524.357325, 61
1650985524.373517, 61
1650985524.389332, 61
1650985524.407133, 61
1650985524.422232, 61
1650985524.439166, 61
1650985524.458215, 61
1650985524.474360, 62
1650985524.491059, 62
1650985524.506493, 62
1650985524.523168, 61
1650985524.540900, 62
1650985524.556716, 62
1650985524.573359, 62
1650985524.589756, 62
1650985524.607078, 63
1650985524.626061, 62
1650985524.642174, 62
1650985524.658188, 63
1650985524.675578, 63
1650985524.693674, 62
1650985524.710441, 61
1650985524.728200, 63
1650985524.745814, 63
1650985524.765189, 64
1650985524.784952, 63
1650985524.800595, 63
1650985524.817936, 61
1650985524.837926, 63
1650985524.859198, 61
1650985524.875806, 63
1650985524.892153, 62
1650985524.909896, 62
1650985524.927239, 62
1650985524.944584, 61
1650985524.962847, 62
1650985524.979656, 62
1650985524.995313, 63
1650985525.011517, 63
1650985525.030848, 62
1650985525.047138, 63
1650985525.070693, 62
1650985525.089452, 63
1650985525.108354, 63
1650985525.125684, 64
1650985525.142925, 63
1650985525.162219, 63
1650985525.178614, 63
1650985525.198122, 62
1650985525.216661, 64
1650985525.232489, 64
1650985525.248926, 65
1650985525.266689, 64
1650985525.284834, 64
1650985525.301368, 63
1650985525.317324, 64
1650985525.334359, 64
1650985525.350446, 64
1650985525.366780, 64
1650985525.384443, 63
1650985525.404687, 64
1650985525.420704, 65
1650985525.436446, 65
1650985525.452951, 64
1650985525.469860, 64
1650985525.488077, 64
1650985525.504241, 64
1650985525.520723, 64
1650985525.537370, 64
1650985525.553624, 66
1650985525.570667, 65
1650985525.586682, 64
1650985525.603983, 65
1650985525.620729, 65
1650985525.637429, 64
1650985525.659357, 64
1650985525.675871, 65
1650985525.692623, 66
1650985525.712362, 64
1650985525.729696, 66
1650985525.745177, 65
1650985525.760651, 65
1650985525.776962, 66
1650985525.794093, 65
1650985525.813687, 65
1650985525.829482, 66
1650985525.846003, 65
1650985525.862878, 65
1650985525.880156, 67
1650985525.897204, 67
1650985525.916281, 68
1650985525.932383, 68
1650985525.949311, 67
1650985525.965701, 68
1650985525.981698, 67
1650985525.998512, 66
1650985526.014803, 67
1650985526.031431, 68
1650985526.048912, 66
1650985526.065994, 65
1650985526.082708, 67
1650985526.100972, 67
1650985526.119713, 66
1650985526.136208, 66
1650985526.154227, 66
1650985526.173199, 66
1650985526.191180, 65
1650985526.207205, 66
1650985526.225197, 66
1650985526.241530, 65
1650985526.257935, 66
1650985526.273965, 66
1650985526.291038, 68
1650985526.312665, 66
1650985526.328590, 67
1650985526.343952, 68
1650985526.359621, 67
1650985526.375319, 66
1650985526.391489, 67
1650985526.408432, 67
1650985526.424752, 67
1650985526.441765, 68
1650985526.458274, 67
1650985526.475122, 65
1650985526.495551, 68
1650985526.512107, 68
1650985526.528441, 68
1650985526.545972, 67
1650985526.566026, 67
1650985526.582732, 67
1650985526.599470, 68
1650985526.619917, 69
1650985526.638337, 68
1650985526.654726, 69
1650985526.672848, 69
1650985526.691502, 69
1650985526.710442, 68
1650985526.730282, 69
1650985526.747877, 69
1650985526.764315, 70
1650985526.783880, 68
1650985526.802823, 70
1650985526.821780, 69
1650985526.840262, 69
1650985526.856765, 69
1650985526.874433, 67
1650985526.890552, 68
1650985526.908863, 68
1650985526.925228, 68
1650985526.941298, 69
1650985526.957956, 69
1650985526.974398, 68
1650985526.990091, 68
1650985527.007319, 69
1650985527.023081, 69
1650985527.039691, 70
1650985527.059018, 69
1650985527.077206, 69
1650985527.093486, 69
1650985527.110218, 70
1650985527.127960, 68
1650985527.145058, 69
1650985527.162963, 70
1650985527.182153, 69
1650985527.198633, 69
1650985527.217088, 69
1650985527.234439, 69
1650985527.250512, 68
1650985527.267280, 70
1650985527.283539, 69
1650985527.302897, 70
1650985527.323659, 68
1650985527.342001, 69
1650985527.359138, 69
1650985527.376964, 71
1650985527.392547, 70
1650985527.410894, 69
1650985527.428795, 69
1650985527.445642, 70
1650985527.462287, 69
1650985527.478482, 70
1650985527.498358, 69
1650985527.514930, 70
1650985527.531858, 70
1650985527.548890, 70
1650985527.564387, 71
1650985527.583401, 71
1650985527.604407, 69
1650985527.623362, 71
1650985527.640303, 70
1650985527.657550, 70
1650985527.674026, 71
1650985527.690698, 70
1650985527.709073, 71
1650985527.724607, 68
1650985527.743758, 70
1650985527.760733, 71
1650985527.777681, 71
1650985527.799054, 70
1650985527.817392, 71
1650985527.834991, 72
1650985527.852992, 72
1650985527.869462, 71
1650985527.886815, 69
1650985527.902604, 71
1650985527.919028, 71
1650985527.936200, 72
1650985527.956294, 72
1650985527.972728, 72
1650985527.989036, 72
1650985528.009607, 70
1650985528.027819, 71
1650985528.044528, 70
1650985528.060308, 72
1650985528.076747, 72
1650985528.092438, 71
1650985528.108330, 72
1650985528.126626, 72
1650985528.143431, 71
1650985528.162668, 72
1650985528.178485, 72
1650985528.198004, 72
1650985528.213503, 73
1650985528.230934, 73
1650985528.246654, 72
1650985528.262999, 72
1650985528.278434, 73
1650985528.300373, 73
1650985528.316650, 71
1650985528.332324, 72
1650985528.346963, 73
1650985528.363866, 72
1650985528.380895, 71
1650985528.399441, 73
1650985528.420788, 72
1650985528.437893, 73
1650985528.456819, 74
1650985528.474869, 75
1650985528.494464, 74
1650985528.510747, 75
1650985528.528224, 75
1650985528.545330, 76
1650985528.561138, 76
1650985528.578048, 74
1650985528.594613, 76
1650985528.611803, 76
1650985528.629584, 73
1650985528.647611, 72
1650985528.665497, 72
1650985528.681885, 73
1650985528.698016, 72
1650985528.713792, 73
1650985528.730732, 74
1650985528.747366, 74
1650985528.763304, 74
1650985528.779873, 75
1650985528.798990, 75
1650985528.817285, 74
1650985528.833872, 74
1650985528.851175, 75
1650985528.870831, 75
1650985528.887830, 74
1650985528.904252, 75
1650985528.919925, 75
1650985528.940053, 75
1650985528.960302, 73
1650985528.976294, 73
1650985528.992002, 74
1650985529.012992, 74
1650985529.031673, 74
1650985529.049229, 75
1650985529.064973, 75
1650985529.083569, 74
1650985529.099215, 75
1650985529.115736, 75
1650985529.133779, 75
1650985529.152559, 74
1650985529.176207, 75
1650985529.193372, 77
1650985529.210299, 75
1650985529.227343, 75
1650985529.244331, 74
1650985529.261081, 75
1650985529.280291, 73
1650985529.295663, 75
1650985529.312975, 75
1650985529.330115, 75
1650985529.346929, 75
1650985529.363009, 74
1650985529.380658, 76
1650985529.398675, 76
1650985529.421859, 74
1650985529.437225, 74
1650985529.454365, 77
1650985529.473724, 77
1650985529.490690, 76
1650985529.508347, 77
1650985529.527075, 78
1650985529.545379, 76
1650985529.562297, 75
1650985529.581256, 77
1650985529.598181, 76
1650985529.616634, 74
1650985529.636827, 77
1650985529.654113, 75
1650985529.671792, 75
1650985529.688778, 77
1650985529.705425, 77
1650985529.726321, 77
1650985529.745629, 77
1650985529.762224, 77
1650985529.778812, 75
1650985529.801658, 77
1650985529.820280, 77
1650985529.838560, 77
1650985529.857726, 76
1650985529.875365, 76
1650985529.893600, 75
1650985529.909189, 77
1650985529.927039, 77
1650985529.945045, 76
1650985529.964623, 77
1650985529.983099, 76
1650985530.002399, 77
1650985530.018321, 77
1650985530.036320, 78
1650985530.055282, 77
1650985530.073017, 77
1650985530.089775, 78
1650985530.106831, 77
1650985530.123413, 77
1650985530.139585, 78
1650985530.156876, 77
1650985530.173319, 78
1650985530.190046, 77
1650985530.206738, 77
1650985530.224198, 78
1650985530.240892, 77
1650985530.257369, 77
1650985530.273692, 78
1650985530.289170, 78
1650985530.305118, 77
1650985530.322511, 79
1650985530.337810, 79
1650985530.354431, 79
1650985530.371249, 81
1650985530.387560, 80
1650985530.404995, 79
1650985530.421377, 80
1650985530.437685, 80
1650985530.458550, 78
1650985530.481200, 81
1650985530.497769, 78
1650985530.515459, 78
1650985530.533854, 79
1650985530.550342, 80
1650985530.573349, 78
1650985530.594682, 79
1650985530.611520, 79
1650985530.629427, 81
1650985530.646192, 80
1650985530.662491, 80
1650985530.679021, 79
1650985530.695739, 79
1650985530.713003, 79
1650985530.728954, 79
1650985530.745117, 79
1650985530.762770, 81
1650985530.778917, 80
1650985530.801793, 79
1650985530.821840, 79
1650985530.841810, 79
1650985530.859683, 78
1650985530.879112, 78
1650985530.896689, 78
1650985530.913069, 78
1650985530.929100, 78
1650985530.945763, 80
1650985530.965108, 79
1650985530.982170, 80
1650985531.000605, 81
1650985531.019390, 80
1650985531.036395, 80
1650985531.056790, 79
1650985531.073068, 80
1650985531.088478, 80
1650985531.106012, 80
1650985531.123333, 79
1650985531.139018, 78
1650985531.156240, 79
1650985531.172332, 79
1650985531.189120, 80
1650985531.209431, 80
1650985531.229834, 80
1650985531.249556, 80
1650985531.268250, 81
1650985531.284719, 81
1650985531.303587, 81
1650985531.319850, 79
1650985531.340873, 81
1650985531.360016, 80
1650985531.377885, 79
1650985531.395557, 81
1650985531.412661, 81
1650985531.428960, 81
1650985531.445409, 80
1650985531.462157, 80
1650985531.479010, 81
1650985531.496853, 80
1650985531.515705, 79
1650985531.535029, 81
1650985531.551044, 79
1650985531.567003, 80
1650985531.583115, 81
1650985531.599624, 82
1650985531.619070, 81
1650985531.635179, 82
1650985531.651253, 81
1650985531.667891, 82
1650985531.684285, 82
1650985531.700716, 82
1650985531.716610, 82
1650985531.732291, 82
1650985531.752722, 81
1650985531.769278, 80
1650985531.788986, 81
1650985531.805099, 80
1650985531.824001, 82
1650985531.841238, 82
1650985531.858054, 81
1650985531.874908, 81
1650985531.890949, 82
1650985531.912235, 82
1650985531.928915, 82
1650985531.946798, 82
1650985531.962424, 83
1650985531.980364, 81
1650985532.000279, 82
1650985532.018170, 81
1650985532.036180, 82
1650985532.054186, 84
1650985532.070644, 84
1650985532.087528, 83
1650985532.105782, 83
1650985532.122751, 82
1650985532.139116, 81
1650985532.156199, 81
1650985532.173033, 83
1650985532.189501, 82
1650985532.206107, 81
1650985532.223722, 83
1650985532.247713, 82
1650985532.263923, 83
1650985532.284196, 84
1650985532.301607, 84
1650985532.318088, 82
1650985532.340234, 83
1650985532.358284, 84
1650985532.373648, 82
1650985532.392621, 82
1650985532.415249, 84
1650985532.432335, 82
1650985532.449041, 82
1650985532.467552, 82
1650985532.485458, 83
1650985532.504232, 83
1650985532.521291, 83
1650985532.541722, 82
1650985532.561894, 85
1650985532.582454, 83
1650985532.602695, 83
1650985532.621516, 83
1650985532.637474, 84
1650985532.653222, 84
1650985532.674236, 85
1650985532.693063, 84
1650985532.711285, 84
1650985532.729654, 83
1650985532.746031, 85
1650985532.765022, 82
1650985532.785275, 83
1650985532.805218, 83
1650985532.822229, 82
1650985532.838651, 82
1650985532.857188, 83
1650985532.873866, 82
1650985532.893723, 82
1650985532.909368, 85
1650985532.925218, 84
1650985532.941679, 84
1650985532.960920, 84
1650985532.977123, 86
1650985532.996321, 85
1650985533.013083, 86
1650985533.029235, 86
1650985533.046756, 85
1650985533.064359, 84
1650985533.083438, 85
1650985533.100030, 84
1650985533.117011, 83
1650985533.133122, 83
1650985533.149602, 84
1650985533.166251, 85
1650985533.183297, 84
1650985533.200746, 83
1650985533.217024, 84
1650985533.235043, 86
1650985533.252253, 86
1650985533.268906, 84
1650985533.286627, 85
1650985533.306119, 85
1650985533.325353, 85
1650985533.342296, 85
1650985533.358455, 85
1650985533.375395, 86
1650985533.394499, 86
1650985533.414581, 86
1650985533.432709, 85
1650985533.449188, 85
1650985533.467117, 85
1650985533.483518, 85
1650985533.502256, 83
1650985533.519151, 85
1650985533.535107, 85
1650985533.552034, 85
1650985533.568719, 86
1650985533.585442, 86
1650985533.605380, 85
1650985533.622570, 86
1650985533.639557, 86
1650985533.655705, 87
1650985533.670887, 86
1650985533.688731, 86
1650985533.704812, 87
1650985533.726598, 88
1650985533.743840, 87
1650985533.766541, 85
1650985533.783244, 86
1650985533.801428, 85
1650985533.818550, 87
1650985533.835083, 87
1650985533.852218, 88
1650985533.872236, 86
1650985533.888910, 87
1650985533.905904, 87
1650985533.921443, 87
1650985533.942227, 87
1650985533.960593, 87
1650985533.979634, 87
1650985533.997536, 87
1650985534.017586, 88
1650985534.034756, 88
1650985534.054980, 87
1650985534.072551, 86
1650985534.088855, 86
1650985534.105293, 85
1650985534.121540, 86
1650985534.140606, 86
1650985534.158378, 86
1650985534.177323, 84
1650985534.193201, 86
1650985534.210012, 86
1650985534.226018, 87
1650985534.242141, 87
1650985534.261727, 87
1650985534.279845, 87
1650985534.298396, 87
1650985534.315129, 88
1650985534.331582, 87
1650985534.354229, 88
1650985534.372562, 88
1650985534.389829, 89
1650985534.406438, 89
1650985534.423335, 88
1650985534.440170, 88
1650985534.455491, 87
1650985534.473006, 88
1650985534.488149, 87
1650985534.504768, 87
1650985534.521035, 88
1650985534.537208, 87
1650985534.554652, 87
1650985534.575673, 89
1650985534.595520, 89
1650985534.612321, 88
1650985534.628467, 88
1650985534.645960, 87
1650985534.661433, 87
1650985534.678795, 88
1650985534.696482, 88
1650985534.713935, 88
1650985534.732688, 88
1650985534.750605, 88
1650985534.768286, 89
1650985534.786253, 88
1650985534.806602, 87
1650985534.825664, 87
1650985534.844587, 88
1650985534.863890, 87
1650985534.880244, 88
1650985534.895842, 88
1650985534.912229, 89
1650985534.928699, 90
1650985534.945224, 89
1650985534.961866, 89
1650985534.978042, 89
1650985534.993332, 89
1650985535.014651, 89
1650985535.032363, 90
1650985535.048213, 90
1650985535.065004, 91
1650985535.084678, 90
1650985535.100902, 89
1650985535.116779, 89
1650985535.135105, 88
1650985535.154076, 89
1650985535.172951, 88
1650985535.188709, 89
1650985535.208267, 88
1650985535.224389, 89
1650985535.240303, 91
1650985535.257740, 89
1650985535.274479, 89
1650985535.291206, 89
1650985535.307930, 91
1650985535.324303, 90
1650985535.342240, 89
1650985535.358199, 89
1650985535.377192, 88
1650985535.393092, 90
1650985535.410384, 90
1650985535.428297, 90
1650985535.444803, 89
1650985535.463467, 90
1650985535.482383, 89
1650985535.499527, 90
1650985535.516233, 88
1650985535.532958, 90
1650985535.552931, 90
1650985535.570023, 90
1650985535.585692, 89
1650985535.601621, 90
1650985535.617213, 90
1650985535.634419, 90
1650985535.652206, 91
1650985535.668320, 91
1650985535.683497, 89
1650985535.700948, 92
1650985535.719878, 90
1650985535.736431, 91
1650985535.755012, 91
1650985535.771228, 90
1650985535.787630, 90
1650985535.803735, 91
1650985535.820258, 90
1650985535.838624, 90
1650985535.855150, 90
1650985535.873029, 89
1650985535.889423, 90
1650985535.906685, 90
1650985535.922988, 90
1650985535.939429, 91
1650985535.955131, 90
1650985535.975639, 91
1650985535.991058, 91
1650985536.005980, 91
1650985536.021990, 91
1650985536.039338, 91
1650985536.056246, 92
1650985536.072576, 92
1650985536.091122, 92
1650985536.107444, 91
1650985536.126863, 91
1650985536.144829, 91
1650985536.162319, 92
1650985536.182138, 91
1650985536.203124, 90
1650985536.220493, 91
1650985536.237843, 91
1650985536.254408, 90
1650985536.274064, 90
1650985536.289777, 92
1650985536.307560, 91
1650985536.324248, 93
1650985536.339759, 92
1650985536.355774, 92
1650985536.373383, 91
1650985536.388685, 92
1650985536.405315, 92
1650985536.420724, 91
1650985536.436452, 92
1650985536.452026, 92
1650985536.467267, 92
1650985536.483676, 93
1650985536.499106, 93
1650985536.516178, 91
1650985536.531816, 90
1650985536.548185, 92
1650985536.568823, 92
1650985536.586617, 92
1650985536.606429, 92
1650985536.625556, 91
1650985536.641085, 93
1650985536.662000, 93
1650985536.680544, 93
1650985536.698269, 92
1650985536.714869, 93
1650985536.731726, 94
1650985536.748297, 93
1650985536.765038, 93
1650985536.781338, 94
1650985536.800800, 92
1650985536.818119, 93
1650985536.834452, 92
1650985536.850472, 93
1650985536.866813, 92
1650985536.885339, 92
1650985536.901247, 91
1650985536.918094, 92
1650985536.933656, 93
1650985536.952023, 91
1650985536.968390, 92
1650985536.984613, 94
1650985537.001358, 93
1650985537.022293, 93
1650985537.041457, 95
1650985537.059225, 94
1650985537.078994, 93
1650985537.101185, 94
1650985537.119241, 93
1650985537.138445, 94
1650985537.155833, 95
1650985537.173202, 95
1650985537.190161, 96
1650985537.207097, 93
1650985537.224382, 93
1650985537.240980, 93
1650985537.258145, 95
1650985537.274498, 93
1650985537.294696, 95
1650985537.314844, 94
1650985537.338129, 95
1650985537.356565, 95
1650985537.373421, 95
1650985537.395080, 97
1650985537.414556, 93
1650985537.431830, 94
1650985537.448175, 94
1650985537.464346, 94
1650985537.480666, 94
1650985537.497547, 95
1650985537.516578, 94
1650985537.533717, 94
1650985537.549474, 95
1650985537.564835, 94
1650985537.582755, 93
1650985537.598738, 93
1650985537.615854, 93
1650985537.631582, 95
1650985537.647686, 94
1650985537.667091, 95
1650985537.684501, 94
1650985537.702185, 96
1650985537.718533, 95
1650985537.736905, 95
1650985537.753781, 95
1650985537.771529, 96
1650985537.789789, 94
1650985537.806490, 95
1650985537.827447, 96
1650985537.844562, 96
1650985537.861168, 95
1650985537.882839, 96
1650985537.899566, 96
1650985537.917217, 94
1650985537.934615, 95
1650985537.952292, 95
1650985537.969013, 95
1650985537.986910, 93
1650985538.003560, 96
1650985538.020401, 95
1650985538.036691, 95
1650985538.054456, 96
1650985538.072344, 96
1650985538.088775, 95
1650985538.105025, 95
1650985538.122139, 95
1650985538.140919, 96
1650985538.156317, 96
1650985538.172999, 96
1650985538.192449, 95
1650985538.210983, 96
1650985538.228883, 97
1650985538.246000, 96
1650985538.261768, 95
1650985538.278092, 95
1650985538.293901, 95
1650985538.310811, 96
1650985538.331085, 94
1650985538.346724, 95
1650985538.363622, 94
1650985538.383266, 96
1650985538.400341, 97
1650985538.418429, 96
1650985538.434316, 96
1650985538.451879, 97
1650985538.468266, 96
1650985538.484195, 96
1650985538.501855, 97
1650985538.517869, 97
1650985538.534569, 96
1650985538.551147, 97
1650985538.571909, 97
1650985538.588854, 96
1650985538.606803, 96
1650985538.624560, 95
1650985538.642759, 97
1650985538.659389, 95
1650985538.676973, 96
1650985538.692402, 95
1650985538.710686, 96
1650985538.726592, 96
1650985538.743154, 95
1650985538.762996, 98
1650985538.783720, 96
1650985538.798977, 96
1650985538.816494, 96
1650985538.832862, 96
1650985538.848895, 96
1650985538.865498, 97
1650985538.883081, 97
1650985538.900012, 98
1650985538.916503, 98
1650985538.933471, 96
1650985538.954355, 98
1650985538.972911, 99
1650985538.991754, 97
1650985539.008728, 98
1650985539.026723, 97
1650985539.045080, 96
1650985539.064025, 97
1650985539.081255, 96
1650985539.097866, 97
1650985539.115450, 97
1650985539.131930, 98
1650985539.152622, 100
1650985539.170114, 99
1650985539.186527, 98
1650985539.204244, 97
1650985539.220037, 98
1650985539.236767, 98
1650985539.252609, 97
1650985539.270559, 99
1650985539.289644, 98
1650985539.308397, 98
1650985539.326743, 98
1650985539.343590, 98
1650985539.359390, 97
1650985539.376286, 98
1650985539.392447, 97
1650985539.408806, 98
1650985539.425787, 98
1650985539.442891, 96
1650985539.461620, 98
1650985539.478208, 99
1650985539.493564, 98
1650985539.509138, 99
1650985539.525771, 99
1650985539.541999, 99
1650985539.559271, 99
1650985539.576292, 99
1650985539.592351, 98
1650985539.609054, 97
1650985539.625671, 99
1650985539.643258, 99
1650985539.659705, 100
1650985539.677165, 99
1650985539.694622, 100
1650985539.710585, 99
1650985539.726264, 98
1650985539.741930, 96
1650985539.767053, 96
1650985539.783629, 97
1650985539.800359, 99
1650985539.818859, 97
1650985539.836725, 98
1650985539.855249, 99
1650985539.871857, 99
1650985539.890124, 98
1650985539.907132, 100
1650985539.923122, 99
1650985539.939247, 100
1650985539.955306, 101
1650985539.971283, 100
1650985539.988168, 100
1650985540.004517, 99
1650985540.020752, 100
1650985540.039337, 99
1650985540.055560, 99
1650985540.072759, 99
1650985540.088880, 99
1650985540.105886, 98
1650985540.122706, 98
1650985540.140151, 100
1650985540.156360, 99
1650985540.173131, 98
1650985540.190472, 100
1650985540.206661, 101
1650985540.224259, 100
1650985540.241552, 100
1650985540.262127, 99
1650985540.280289, 100
1650985540.299455, 100
1650985540.319394, 101
1650985540.341747, 100
1650985540.358982, 99
1650985540.375564, 100
1650985540.392417, 101
1650985540.408969, 100
1650985540.425156, 102
1650985540.441084, 100
1650985540.457144, 101
1650985540.474640, 100
1650985540.491744, 99
1650985540.512454, 100
1650985540.534346, 100
1650985540.551030, 99
1650985540.568301, 100
1650985540.585344, 101
1650985540.604467, 101
1650985540.621582, 100
1650985540.639225, 101
1650985540.660023, 101
1650985540.677090, 101
1650985540.692692, 101
1650985540.712479, 102
1650985540.728927, 101
1650985540.744441, 101
1650985540.762110, 102
1650985540.779668, 100
1650985540.798094, 101
1650985540.817245, 101
1650985540.839239, 99
1650985540.856368, 100
1650985540.873173, 100
1650985540.890546, 99
1650985540.908180, 100
1650985540.928465, 102
1650985540.945856, 99
1650985540.964709, 100
1650985540.982132, 101
1650985540.998627, 101
1650985541.014903, 101
1650985541.030853, 102
1650985541.046637, 103
1650985541.062736, 102
1650985541.079203, 101
1650985541.099163, 101
1650985541.116604, 101
1650985541.134217, 101
1650985541.150845, 103
1650985541.168358, 103
1650985541.187229, 102
1650985541.206720, 100
1650985541.223258, 101
1650985541.238419, 100
1650985541.255189, 100
1650985541.271874, 101
1650985541.290026, 100
1650985541.306626, 101
1650985541.325765, 101
1650985541.340905, 102
1650985541.358311, 101
1650985541.376600, 103
1650985541.392390, 102
1650985541.408072, 102
1650985541.423651, 103
1650985541.439702, 101
1650985541.457948, 102
1650985541.473896, 101
1650985541.490889, 102
1650985541.507038, 102
1650985541.523998, 102
1650985541.541946, 103
1650985541.560802, 103
1650985541.581424, 103
1650985541.596819, 102
1650985541.616522, 102
1650985541.637224, 101
1650985541.652631, 102
1650985541.668505, 102
1650985541.685330, 101
1650985541.700943, 102
1650985541.716547, 104
1650985541.731851, 103
1650985541.749280, 103
1650985541.766883, 103
1650985541.782035, 102
1650985541.798363, 103
1650985541.815160, 104
1650985541.831912, 103
1650985541.853226, 103
1650985541.870563, 102
1650985541.887274, 103
1650985541.904511, 102
1650985541.921665, 103
1650985541.937660, 103
1650985541.954262, 102
1650985541.975546, 101
1650985541.996583, 103
1650985542.014440, 102
1650985542.033062, 103
1650985542.050362, 104
1650985542.066889, 102
1650985542.082960, 103
1650985542.099088, 105
1650985542.116245, 105
1650985542.135148, 104
1650985542.152379, 103
1650985542.167085, 104
1650985542.184778, 103
1650985542.201524, 104
1650985542.219450, 104
1650985542.236773, 104
1650985542.257458, 103
1650985542.273950, 104
1650985542.292939, 105
1650985542.310824, 104
1650985542.326267, 104
1650985542.342194, 102
1650985542.361196, 103
1650985542.376973, 104
1650985542.393787, 103
1650985542.409709, 103
1650985542.426636, 103
1650985542.443214, 103
1650985542.459059, 103
1650985542.476882, 104
1650985542.498766, 104
1650985542.517099, 104
1650985542.533293, 103
1650985542.554012, 104
1650985542.571443, 104
1650985542.588345, 105
1650985542.604163, 105
1650985542.619092, 105
1650985542.634686, 105
1650985542.654603, 106
1650985542.672419, 106
1650985542.691529, 105
1650985542.710745, 104
1650985542.726979, 104
1650985542.745845, 102
1650985542.763601, 103
1650985542.779943, 105
1650985542.798172, 104
1650985542.816054, 102
1650985542.833481, 102
1650985542.849768, 106
1650985542.867342, 105
1650985542.884401, 105
1650985542.902678, 105
1650985542.920178, 105
1650985542.937842, 104
1650985542.955434, 106
1650985542.973013, 105
1650985542.990822, 103
1650985543.008839, 104
1650985543.024726, 106
1650985543.042954, 105
1650985543.061487, 106
1650985543.078732, 105
1650985543.096733, 103
1650985543.114230, 105
1650985543.129741, 105
1650985543.147575, 105
1650985543.164328, 104
1650985543.179976, 105
1650985543.195639, 106
1650985543.213097, 105
1650985543.229746, 106
1650985543.246614, 106
1650985543.264654, 107
1650985543.282854, 107
1650985543.300712, 108
1650985543.317045, 106
1650985543.334236, 107
1650985543.351717, 106
1650985543.368977, 105
1650985543.384919, 106
1650985543.401633, 107
1650985543.419236, 106
1650985543.435285, 106
1650985543.451303, 106
1650985543.467833, 106
1650985543.484116, 105
1650985543.501067, 105
1650985543.516342, 106
1650985543.532063, 105
1650985543.547935, 104
1650985543.563240, 106
1650985543.580034, 106
1650985543.596373, 104
1650985543.612821, 106
1650985543.630020, 106
1650985543.645714, 105
1650985543.661980, 108
1650985543.679873, 107
1650985543.695458, 107
1650985543.713774, 106
1650985543.729436, 108
1650985543.749632, 106
1650985543.767949, 106
1650985543.788329, 108
1650985543.805520, 107
1650985543.823651, 107
1650985543.840172, 108
1650985543.856258, 106
1650985543.872990, 106
1650985543.889565, 107
1650985543.905596, 105
1650985543.927726, 106
1650985543.948793, 106
1650985543.966601, 106
1650985543.984659, 106
1650985544.001193, 109
1650985544.021029, 108
1650985544.036634, 108
1650985544.054302, 109
1650985544.077362, 107
1650985544.094521, 107
1650985544.111127, 108
1650985544.127453, 107
1650985544.143267, 107
1650985544.159588, 109
1650985544.175486, 109
1650985544.191657, 107
1650985544.208660, 109
1650985544.226704, 110
1650985544.244672, 107
1650985544.262485, 108
1650985544.280684, 106
1650985544.297046, 107
1650985544.312806, 107
1650985544.328756, 106
1650985544.345312, 108
1650985544.362509, 107
1650985544.377893, 108
1650985544.394462, 108
1650985544.410561, 109
1650985544.428126, 109
1650985544.444968, 107
1650985544.463008, 109
1650985544.479731, 107
1650985544.495396, 108
1650985544.511019, 107
1650985544.527519, 109
1650985544.547875, 106
1650985544.567440, 109
1650985544.585795, 109
1650985544.606034, 107
1650985544.622741, 109
1650985544.640377, 107
1650985544.657142, 107
1650985544.673423, 106
1650985544.689649, 106
1650985544.706157, 107
1650985544.723122, 106
1650985544.738136, 108
1650985544.754793, 108
1650985544.770714, 109
1650985544.787130, 110
1650985544.803417, 110
1650985544.820072, 109
1650985544.835632, 108
1650985544.855574, 109
1650985544.871581, 109
1650985544.892359, 107
1650985544.915478, 108
1650985544.931809, 110
1650985544.950431, 109
1650985544.966070, 110
1650985544.983342, 109
1650985545.001479, 109
1650985545.018394, 109
1650985545.034112, 109
1650985545.053981, 109
1650985545.071301, 108
1650985545.087520, 109
1650985545.104753, 108
1650985545.122028, 109
1650985545.139687, 110
1650985545.159408, 110
1650985545.176282, 109
1650985545.193358, 111
1650985545.209809, 109
1650985545.226026, 108
1650985545.242605, 109
1650985545.259995, 110
1650985545.276410, 109
1650985545.295170, 108
1650985545.311544, 109
1650985545.327677, 110
1650985545.343635, 110
1650985545.358819, 110
1650985545.375600, 109
1650985545.392538, 110
1650985545.410200, 111
1650985545.428641, 109
1650985545.449090, 107
1650985545.465112, 109
1650985545.487230, 109
1650985545.504573, 109
1650985545.521875, 109
1650985545.537302, 111
1650985545.555237, 109
1650985545.571350, 110
1650985545.587889, 110
1650985545.605043, 111
1650985545.622765, 110
1650985545.639288, 111
1650985545.656839, 110
1650985545.673227, 111
1650985545.691390, 111
1650985545.708518, 110
1650985545.727126, 109
1650985545.747519, 109
1650985545.767728, 110
1650985545.786366, 111
1650985545.804688, 108
1650985545.823543, 110
1650985545.840844, 109
1650985545.858307, 110
1650985545.876278, 109
1650985545.892981, 110
1650985545.909653, 110
1650985545.929474, 111
1650985545.945540, 111
1650985545.961808, 112
1650985545.979640, 111
1650985545.997566, 110
1650985546.017828, 112
1650985546.036462, 111
1650985546.058480, 111
1650985546.074179, 110
1650985546.094700, 111
1650985546.113721, 112
1650985546.132606, 110
1650985546.151249, 112
1650985546.167875, 111
1650985546.186062, 111
1650985546.202685, 110
1650985546.219328, 110
1650985546.235262, 110
1650985546.250896, 110
1650985546.267179, 110
1650985546.282658, 110
1650985546.300555, 110
1650985546.316530, 110
1650985546.333567, 112
1650985546.353474, 112
1650985546.371827, 112
1650985546.388486, 112
1650985546.405661, 112
1650985546.424146, 113
1650985546.441440, 113
1650985546.456933, 114
1650985546.477394, 113
1650985546.496535, 113
1650985546.513392, 113
1650985546.529638, 113
1650985546.545680, 113
1650985546.563459, 113
1650985546.579975, 113
1650985546.598304, 112
1650985546.615830, 111
1650985546.632606, 111
1650985546.648675, 111
1650985546.664644, 111
1650985546.682760, 110
1650985546.700080, 111
1650985546.719568, 110
1650985546.736175, 110
1650985546.753518, 113
1650985546.772417, 112
1650985546.789174, 112
1650985546.806747, 112
1650985546.826305, 111
1650985546.844460, 113
1650985546.862434, 112
1650985546.880586, 112
1650985546.899867, 112
1650985546.916679, 112
1650985546.934447, 112
1650985546.949861, 112
1650985546.966653, 112
1650985546.982033, 112
1650985546.997884, 113
1650985547.014357, 112
1650985547.031160, 111
1650985547.053162, 112
1650985547.071546, 113
1650985547.090381, 111
1650985547.107721, 111
1650985547.125283, 113
1650985547.143227, 113
1650985547.159359, 113
1650985547.176229, 113
1650985547.192780, 113
1650985547.210752, 113
1650985547.232750, 112
1650985547.249209, 113
1650985547.267149, 113
1650985547.284271, 114
1650985547.301204, 114
1650985547.316959, 114
1650985547.334543, 112
1650985547.350752, 112
1650985547.372174, 113
1650985547.389697, 113
1650985547.405141, 112
1650985547.420674, 113
1650985547.436035, 112
1650985547.453283, 113
1650985547.472164, 112
1650985547.488462, 112
1650985547.504864, 113
1650985547.521405, 113
1650985547.544136, 113
1650985547.562999, 113
1650985547.580070, 112
1650985547.596463, 114
1650985547.616530, 112
1650985547.632963, 115
1650985547.649031, 114
1650985547.666196, 115
1650985547.682439, 115
1650985547.703703, 115
1650985547.720388, 115
1650985547.737534, 114
1650985547.753707, 116
1650985547.771071, 114
1650985547.787267, 116
1650985547.803957, 114
1650985547.820991, 113
1650985547.838360, 113
1650985547.856809, 114
1650985547.873510, 113
1650985547.893863, 115
1650985547.911418, 113
1650985547.931028, 115
1650985547.951952, 115
1650985547.968193, 114
1650985547.985000, 115
1650985548.002217, 114
1650985548.019161, 114
1650985548.037610, 114
1650985548.055252, 114
1650985548.072771, 113
1650985548.089737, 114
1650985548.106286, 114
1650985548.123863, 114
1650985548.141933, 113
1650985548.157976, 115
1650985548.173496, 114
1650985548.189751, 114
1650985548.206559, 114
1650985548.224417, 113
1650985548.243871, 113
1650985548.261075, 113
1650985548.276897, 114
1650985548.295503, 113
1650985548.312349, 115
1650985548.328194, 117
1650985548.347573, 116
1650985548.365644, 115
1650985548.383410, 113
1650985548.401088, 117
1650985548.420274, 116
1650985548.438423, 116
1650985548.454634, 116
1650985548.470219, 115
1650985548.486354, 115
1650985548.502655, 116
1650985548.519500, 115
1650985548.534341, 117
1650985548.554476, 116
1650985548.572553, 115
1650985548.589610, 117
1650985548.605783, 115
1650985548.622749, 115
1650985548.640401, 115
1650985548.656457, 114
1650985548.672412, 114
1650985548.689024, 114
1650985548.707658, 115
1650985548.723812, 114
1650985548.744645, 115
1650985548.762320, 115
1650985548.781779, 116
1650985548.798685, 115
1650985548.816227, 116
1650985548.832419, 117
1650985548.849247, 116
1650985548.865812, 115
1650985548.881410, 116
1650985548.900150, 116
1650985548.915235, 115
1650985548.932815, 115
1650985548.948721, 116
1650985548.964271, 116
1650985548.979703, 116
1650985548.996277, 115
1650985549.013122, 115
1650985549.031156, 115
1650985549.047277, 115
1650985549.064752, 116
1650985549.082140, 116
1650985549.103465, 115
1650985549.120565, 115
1650985549.137016, 117
1650985549.153576, 115
1650985549.169319, 117
1650985549.185998, 116
1650985549.202318, 115
1650985549.218064, 117
1650985549.239031, 116
1650985549.257232, 117
1650985549.276175, 116
1650985549.294295, 117
1650985549.310426, 116
1650985549.325932, 117
1650985549.343023, 116
1650985549.360431, 117
1650985549.378435, 115
1650985549.394186, 116
1650985549.409265, 116
1650985549.426155, 115
1650985549.442976, 116
1650985549.460870, 116
1650985549.477520, 117
1650985549.496982, 117
1650985549.517513, 118
1650985549.536173, 117
1650985549.554109, 117
1650985549.569872, 116
1650985549.585530, 118
1650985549.601435, 118
1650985549.622994, 117
1650985549.640493, 118
1650985549.657361, 118
1650985549.675345, 118
1650985549.692798, 118
1650985549.710448, 119
1650985549.727731, 117
1650985549.744722, 118
1650985549.762922, 117
1650985549.778415, 118
1650985549.795549, 118
1650985549.818418, 117
1650985549.835227, 117
1650985549.853919, 116
1650985549.871432, 116
1650985549.890685, 117
1650985549.908360, 116
1650985549.926875, 115
1650985549.944829, 116
1650985549.961494, 118
1650985549.978263, 117
1650985549.994356, 118
1650985550.010253, 118
1650985550.026441, 118
1650985550.042026, 118
1650985550.061497, 118
1650985550.077053, 116
1650985550.092812, 118
1650985550.109218, 118
1650985550.124455, 117
1650985550.140515, 118
1650985550.157196, 118
1650985550.177923, 118
1650985550.194815, 116
1650985550.211573, 118
1650985550.228281, 118
1650985550.247111, 116
1650985550.263495, 118
1650985550.281546, 116
1650985550.296828, 116
1650985550.312839, 118
1650985550.331750, 117
1650985550.347786, 118
1650985550.366705, 117
1650985550.383321, 119
1650985550.400368, 118
1650985550.418914, 118
1650985550.440394, 118
1650985550.457335, 119
1650985550.474608, 118
1650985550.492643, 119
1650985550.510379, 120
1650985550.531566, 119
1650985550.548307, 119
1650985550.564896, 118
1650985550.581665, 118
1650985550.597955, 118
1650985550.614723, 119
1650985550.632273, 119
1650985550.647974, 119
1650985550.664405, 118
1650985550.681731, 118
1650985550.697426, 118
1650985550.714383, 118
1650985550.738818, 119
1650985550.758954, 116
1650985550.777904, 118
1650985550.793800, 119
1650985550.811175, 118
1650985550.827010, 119
1650985550.843967, 118
1650985550.860853, 119
1650985550.883699, 120
1650985550.901973, 118
1650985550.920950, 117
1650985550.936789, 120
1650985550.960569, 120
1650985550.976702, 120
1650985550.994467, 118
1650985551.012941, 119
1650985551.031651, 119
1650985551.049051, 119
1650985551.064838, 119
1650985551.080419, 120
1650985551.097425, 119
1650985551.117777, 117
1650985551.136469, 121
1650985551.153054, 120
1650985551.169865, 119
1650985551.186472, 121
1650985551.204356, 121
1650985551.221796, 120
1650985551.237987, 120
1650985551.255197, 120
1650985551.271500, 121
1650985551.291556, 122
1650985551.308354, 121
1650985551.325878, 122
1650985551.346275, 120
1650985551.368232, 120
1650985551.384341, 121
1650985551.401821, 121
1650985551.418572, 119
1650985551.436192, 119
1650985551.453239, 119
1650985551.468619, 120
1650985551.485671, 121
1650985551.503305, 119
1650985551.518890, 120
1650985551.534561, 118
1650985551.551306, 120
1650985551.567970, 119
1650985551.584842, 121
1650985551.601039, 119
1650985551.618578, 120
1650985551.635112, 121
1650985551.652874, 120
1650985551.668360, 121
1650985551.686321, 120
1650985551.703207, 120
1650985551.718773, 121
1650985551.734548, 120
1650985551.750298, 121
1650985551.767896, 120
1650985551.787013, 119
1650985551.803473, 120
1650985551.824327, 121
1650985551.843157, 119
1650985551.862013, 121
1650985551.878469, 121
1650985551.894618, 121
1650985551.909905, 120
1650985551.928659, 120
1650985551.946130, 119
1650985551.966355, 120
1650985551.982599, 119
1650985552.000515, 121
1650985552.019460, 120
1650985552.036220, 121
1650985552.055879, 121
1650985552.077688, 122
1650985552.096777, 120
1650985552.114644, 121
1650985552.131976, 121
1650985552.151784, 120
1650985552.170003, 121
1650985552.188413, 120
1650985552.205394, 123
1650985552.221521, 121
1650985552.239027, 121
1650985552.254412, 123
1650985552.270651, 122
1650985552.285705, 122
1650985552.301372, 122
1650985552.318945, 122
1650985552.337890, 120
1650985552.355672, 119
1650985552.372214, 121
1650985552.388167, 120
1650985552.405199, 120
1650985552.420727, 122
1650985552.436381, 121
1650985552.452974, 122
1650985552.471569, 122
1650985552.487248, 122
1650985552.502878, 122
1650985552.525187, 122
1650985552.544180, 122
1650985552.566595, 122
1650985552.582973, 121
1650985552.600539, 122
1650985552.616792, 121
1650985552.634898, 123
1650985552.654573, 120
1650985552.673500, 122
1650985552.692179, 123
1650985552.713157, 121
1650985552.731563, 122
1650985552.750163, 121
1650985552.768460, 122
1650985552.788205, 121
1650985552.806385, 123
1650985552.825003, 122
1650985552.842632, 121
1650985552.859329, 120
1650985552.875407, 121
1650985552.892832, 122
1650985552.908222, 122
1650985552.924308, 122
1650985552.943562, 123
1650985552.963893, 122
1650985552.979560, 123
1650985552.995254, 122
1650985553.013373, 123
1650985553.031138, 124
1650985553.051037, 122
1650985553.069679, 122
1650985553.086083, 122
1650985553.102263, 124
1650985553.122026, 121
1650985553.140887, 123
1650985553.157590, 123
1650985553.173810, 122
1650985553.189623, 122
1650985553.208545, 121
1650985553.228360, 122
1650985553.246140, 123
1650985553.262662, 122
1650985553.278917, 121
1650985553.296494, 122
1650985553.313860, 123
1650985553.331663, 122
1650985553.348617, 124
1650985553.365709, 121
1650985553.385118, 124
1650985553.400328, 124
1650985553.416440, 123
1650985553.432012, 123
1650985553.448430, 124
1650985553.468294, 122
1650985553.483978, 124
1650985553.500556, 123
1650985553.516309, 124
1650985553.531743, 122
1650985553.549250, 125
1650985553.565878, 124
1650985553.583429, 122
1650985553.604497, 123
1650985553.626291, 121
1650985553.644841, 123
1650985553.661295, 123
1650985553.676786, 123
1650985553.694446, 121
1650985553.711139, 122
1650985553.732403, 122
1650985553.749384, 123
1650985553.766090, 123
1650985553.783585, 123
1650985553.801692, 124
1650985553.819326, 123
1650985553.837593, 124
1650985553.854573, 123
1650985553.870638, 125
1650985553.889873, 126
1650985553.907002, 125
1650985553.924002, 124
1650985553.940634, 124
1650985553.956932, 124
1650985553.974090, 124
1650985553.991011, 125
1650985554.008181, 124
1650985554.028560, 124
1650985554.046688, 124
1650985554.063348, 123
1650985554.079781, 124
1650985554.095922, 123
1650985554.111587, 125
1650985554.127222, 124
1650985554.144069, 124
1650985554.165212, 124
1650985554.180748, 126
1650985554.196496, 125
1650985554.213181, 126
1650985554.229096, 124
1650985554.246110, 126
1650985554.263424, 126
1650985554.283489, 126
1650985554.300968, 126
1650985554.318297, 125
1650985554.335030, 125
1650985554.352697, 125
1650985554.371163, 125
1650985554.391224, 125
1650985554.409738, 125
1650985554.425616, 127
1650985554.442521, 126
1650985554.458757, 125
1650985554.477419, 125
1650985554.497076, 124
1650985554.513772, 124
1650985554.529420, 124
1650985554.545698, 124
1650985554.564532, 124
1650985554.581915, 124
1650985554.597657, 124
1650985554.615221, 126
1650985554.631760, 126
1650985554.648306, 124
1650985554.668613, 125
1650985554.685760, 126
1650985554.702844, 125
1650985554.720849, 127
1650985554.741984, 126
1650985554.763194, 125
1650985554.780947, 126
1650985554.797665, 127
1650985554.817763, 125
1650985554.834774, 125
1650985554.852160, 126
1650985554.868660, 125
1650985554.884187, 125
1650985554.903919, 126
1650985554.921053, 125
1650985554.937319, 124
1650985554.954532, 125
1650985554.973418, 125
1650985554.990861, 125
1650985555.008511, 125
1650985555.028268, 123
1650985555.045095, 125
1650985555.065478, 125
1650985555.081026, 126
1650985555.101293, 126
1650985555.118785, 126
1650985555.136452, 125
1650985555.153977, 126
1650985555.169868, 126
1650985555.187361, 127
1650985555.203922, 126
1650985555.220783, 126
1650985555.237112, 126
1650985555.257332, 127
1650985555.273471, 126
1650985555.290269, 126
1650985555.307548, 127
1650985555.323116, 125
1650985555.340520, 127
1650985555.358508, 125
1650985555.381674, 126
1650985555.401647, 126
1650985555.417688, 126
1650985555.435711, 126
1650985555.455073, 126
1650985555.472742, 127
1650985555.490111, 126
1650985555.505854, 126
1650985555.522809, 127
1650985555.539150, 127
1650985555.555481, 126
1650985555.571149, 127
1650985555.587685, 127
1650985555.605294, 126
1650985555.620423, 127
1650985555.635732, 127
1650985555.652675, 127
1650985555.670312, 126
1650985555.686860, 127
1650985555.702313, 127
1650985555.720208, 127
1650985555.737643, 126
1650985555.754649, 126
1650985555.772700, 127
1650985555.789889, 126
1650985555.805625, 126
1650985555.822970, 125
1650985555.842088, 126
1650985555.860636, 127
1650985555.880239, 126
1650985555.898604, 125
1650985555.917236, 127
1650985555.938333, 127
1650985555.957249, 128
1650985555.976558, 126
1650985555.991775, 127
1650985556.008340, 127
1650985556.025076, 128
1650985556.043217, 128
1650985556.059556, 126
1650985556.080180, 129
1650985556.098948, 127
1650985556.115810, 127
1650985556.133197, 128
1650985556.149371, 128
1650985556.167525, 128
1650985556.185055, 128
1650985556.201548, 127
1650985556.219279, 127
1650985556.241600, 127
1650985556.258311, 128
1650985556.275473, 127
1650985556.293370, 127
1650985556.310847, 127
1650985556.327862, 126
1650985556.345552, 128
1650985556.361586, 128
1650985556.376992, 128
1650985556.393609, 128
1650985556.409163, 129
1650985556.425700, 128
1650985556.441775, 127
1650985556.457258, 128
1650985556.473116, 128
1650985556.490588, 127
1650985556.512899, 128
1650985556.531349, 129
1650985556.550079, 130
1650985556.567531, 128
1650985556.588207, 128
1650985556.610968, 128
1650985556.629918, 128
1650985556.648171, 129
1650985556.665264, 128
1650985556.682867, 129
1650985556.699529, 129
1650985556.716219, 129
1650985556.736372, 128
1650985556.752665, 129
1650985556.769831, 129
1650985556.785619, 129
1650985556.803031, 132
1650985556.819694, 130
1650985556.837054, 129
1650985556.854360, 130
1650985556.874490, 129
1650985556.891072, 130
1650985556.908403, 128
1650985556.924840, 129
1650985556.944387, 129
1650985556.962829, 129
1650985556.984683, 129
1650985557.001936, 130
1650985557.018050, 128
1650985557.034382, 130
1650985557.051359, 131
1650985557.072666, 129
1650985557.088982, 129
1650985557.105880, 128
1650985557.123569, 127
1650985557.142739, 128
1650985557.159545, 129
1650985557.177588, 127
1650985557.196452, 130
1650985557.216252, 128
1650985557.235468, 128
1650985557.255541, 129
1650985557.273194, 130
1650985557.290297, 129
1650985557.307549, 130
1650985557.324377, 129
1650985557.343857, 129
1650985557.362412, 129
1650985557.379101, 130
1650985557.396708, 130
1650985557.413030, 129
1650985557.428921, 130
1650985557.445153, 130
1650985557.461864, 129
1650985557.477616, 130
1650985557.494672, 130
1650985557.514038, 131
1650985557.535993, 129
1650985557.554064, 129
1650985557.578437, 128
1650985557.596705, 129
1650985557.613642, 128
1650985557.631284, 128
1650985557.648606, 128
1650985557.666908, 129
1650985557.686176, 131
1650985557.706202, 131
1650985557.722667, 130
1650985557.740562, 130
1650985557.757584, 128
1650985557.773981, 130
1650985557.790532, 129
1650985557.807322, 130
1650985557.824853, 130
1650985557.840707, 130
1650985557.859334, 131
1650985557.876305, 130
1650985557.892920, 131
1650985557.908510, 131
1650985557.927121, 130
1650985557.943922, 130
1650985557.961753, 130
1650985557.978611, 128
1650985557.999067, 128
1650985558.016914, 130
1650985558.032997, 129
1650985558.048922, 131
1650985558.065064, 131
1650985558.080630, 130
1650985558.096575, 130
1650985558.114087, 131
1650985558.135690, 131
1650985558.152645, 131
1650985558.168571, 130
1650985558.186655, 130
1650985558.202695, 131
1650985558.221702, 129
1650985558.238513, 130
1650985558.257987, 130
1650985558.274271, 130
1650985558.290354, 132
1650985558.307573, 132
1650985558.326069, 130
1650985558.344914, 129
1650985558.361567, 131
1650985558.377914, 131
1650985558.396387, 131
1650985558.417580, 131
1650985558.433505, 129
1650985558.451700, 130
1650985558.470704, 131
1650985558.489229, 129
1650985558.508557, 131
1650985558.529052, 130
1650985558.545697, 129
1650985558.563151, 132
1650985558.583607, 132
1650985558.600441, 130
1650985558.616784, 130
1650985558.634544, 131
1650985558.653631, 131
1650985558.670614, 132
1650985558.687722, 132
1650985558.703630, 133
1650985558.721955, 132
1650985558.741967, 132
1650985558.759322, 132
1650985558.774974, 132
1650985558.792655, 132
1650985558.809566, 132
1650985558.826415, 132
1650985558.843607, 132
1650985558.859452, 133
1650985558.878943, 131
1650985558.899522, 132
1650985558.917384, 131
1650985558.934294, 131
1650985558.949785, 130
1650985558.965660, 132
1650985558.981258, 131
1650985558.997308, 131
1650985559.014591, 133
1650985559.032619, 131
1650985559.050923, 132
1650985559.071637, 132
1650985559.088452, 131
1650985559.106175, 133
1650985559.124817, 130
1650985559.140874, 132
1650985559.159801, 132
1650985559.180164, 132
1650985559.197754, 134
1650985559.214606, 133
1650985559.236255, 132
1650985559.254665, 132
1650985559.270952, 132
1650985559.287944, 132
1650985559.304419, 131
1650985559.326028, 132
1650985559.344638, 130
1650985559.364880, 131
1650985559.384417, 130
1650985559.403368, 133
1650985559.421322, 131
1650985559.437368, 132
1650985559.456338, 133
1650985559.473166, 132
1650985559.496250, 132
1650985559.516949, 132
1650985559.532931, 133
1650985559.548724, 133
1650985559.565039, 134
1650985559.580672, 133
1650985559.600285, 132
1650985559.618513, 134
1650985559.637458, 133
1650985559.652430, 133
1650985559.669559, 134
1650985559.686352, 132
1650985559.702940, 132
1650985559.719085, 133
1650985559.736813, 133
1650985559.752710, 132
1650985559.771043, 133
1650985559.789621, 131
1650985559.807781, 134
1650985559.825261, 132
1650985559.841521, 133
1650985559.856931, 132
1650985559.874134, 132
1650985559.890564, 133
1650985559.908680, 133
1650985559.924601, 134
1650985559.940283, 135
1650985559.956639, 135
1650985559.973271, 135
1650985559.988292, 133
1650985560.005197, 134
1650985560.027658, 133
1650985560.048543, 134
1650985560.066519, 134
1650985560.084944, 134
1650985560.105335, 134
1650985560.121935, 134
1650985560.141276, 134
1650985560.159700, 135
1650985560.176335, 134
1650985560.195262, 133
1650985560.214253, 134
1650985560.229977, 134
1650985560.245870, 133
1650985560.261364, 133
1650985560.277029, 133
1650985560.296227, 132
1650985560.313944, 133
1650985560.331167, 134
1650985560.348391, 134
1650985560.365523, 134
1650985560.383392, 135
1650985560.400064, 134
1650985560.416881, 133
1650985560.440132, 134
1650985560.457931, 135
1650985560.476336, 135
1650985560.495063, 136
1650985560.513052, 135
1650985560.529787, 135
1650985560.545899, 134
1650985560.561878, 134
1650985560.577556, 134
1650985560.595295, 135
1650985560.613659, 134
1650985560.633861, 135
1650985560.652488, 135
1650985560.671350, 134
1650985560.688694, 134
1650985560.706919, 134
1650985560.724246, 133
1650985560.740969, 133
1650985560.758736, 132
1650985560.776698, 135
1650985560.793039, 133
1650985560.810744, 134
1650985560.826542, 134
1650985560.841954, 134
1650985560.859170, 134
1650985560.877943, 135
1650985560.893453, 135
1650985560.913855, 135
1650985560.931014, 135
1650985560.947996, 136
1650985560.964190, 135
1650985560.980975, 137
1650985560.997610, 137
1650985561.012759, 137
1650985561.028652, 135
1650985561.044151, 136
1650985561.061002, 136
1650985561.078316, 136
1650985561.095288, 137
1650985561.111145, 135
1650985561.128627, 136
1650985561.144368, 136
1650985561.163985, 134
1650985561.180973, 135
1650985561.197830, 135
1650985561.218170, 136
1650985561.234575, 135
1650985561.251644, 135
1650985561.270858, 135
1650985561.287035, 134
1650985561.305808, 135
1650985561.324320, 135
1650985561.342637, 135
1650985561.362227, 136
1650985561.379280, 135
1650985561.395887, 136
1650985561.412810, 134
1650985561.430221, 135
1650985561.447241, 135
1650985561.463851, 136
1650985561.480935, 136
1650985561.498047, 134
1650985561.514187, 135
1650985561.530190, 136
1650985561.547922, 135
1650985561.568684, 137
1650985561.588482, 137
1650985561.604722, 136
1650985561.621474, 135
1650985561.637449, 135
1650985561.653076, 135
1650985561.671308, 134
1650985561.688684, 136
1650985561.706240, 135
1650985561.725731, 135
1650985561.743045, 137
1650985561.766048, 136
1650985561.788812, 136
1650985561.809100, 136
1650985561.825816, 136
1650985561.841131, 137
1650985561.856858, 135
1650985561.872624, 137
1650985561.888705, 136
1650985561.905653, 136
1650985561.923960, 137
1650985561.941814, 136
1650985561.961846, 136
1650985561.978847, 136
1650985561.995378, 137
1650985562.014067, 137
1650985562.033379, 135
1650985562.052525, 135
1650985562.071263, 135
1650985562.091686, 134
1650985562.108293, 135
1650985562.126485, 135
1650985562.144520, 135
1650985562.160443, 136
1650985562.176578, 134
1650985562.195387, 137
1650985562.213943, 138
1650985562.232303, 135
1650985562.250475, 137
1650985562.270842, 137
1650985562.288214, 137
1650985562.304520, 138
1650985562.321948, 136
1650985562.338054, 137
1650985562.360732, 138
1650985562.379397, 137
1650985562.397201, 137
1650985562.419665, 136
1650985562.439079, 137
1650985562.458103, 137
1650985562.475816, 138
1650985562.493559, 137
1650985562.511762, 134
1650985562.529128, 135
1650985562.551760, 137
1650985562.572108, 136
1650985562.592527, 136
1650985562.609837, 136
1650985562.626059, 136
1650985562.642233, 136
1650985562.660348, 138
1650985562.676428, 137
1650985562.692793, 138
1650985562.708747, 137
1650985562.724941, 138
1650985562.740803, 137
1650985562.756804, 138
1650985562.772613, 137
1650985562.788605, 138
1650985562.805302, 137
1650985562.823986, 136
1650985562.840841, 137
1650985562.856681, 138
1650985562.873216, 138
1650985562.889925, 137
1650985562.906559, 138
1650985562.922701, 138
1650985562.937961, 138
1650985562.954144, 136
1650985562.973082, 139
1650985562.988866, 136
1650985563.004895, 138
1650985563.022464, 136
1650985563.038872, 137
1650985563.061350, 137
1650985563.076887, 137
1650985563.093404, 137
1650985563.111918, 137
1650985563.133651, 137
1650985563.150073, 138
1650985563.174153, 138
1650985563.192181, 138
1650985563.209810, 138
1650985563.227398, 138
1650985563.244456, 139
1650985563.261821, 136
1650985563.281481, 138
1650985563.297418, 138
1650985563.315047, 138
1650985563.332237, 138
1650985563.350391, 139
1650985563.369966, 138
1650985563.387881, 139
1650985563.405381, 138
1650985563.421967, 139
1650985563.438862, 139
1650985563.455421, 137
1650985563.471870, 138
1650985563.490262, 136
1650985563.506685, 137
1650985563.524637, 137
1650985563.540676, 138
1650985563.557854, 138
1650985563.573896, 139
1650985563.589097, 139
1650985563.604298, 139
1650985563.619913, 139
1650985563.635660, 139
1650985563.651770, 139
1650985563.668616, 139
1650985563.684244, 139
1650985563.698972, 138
1650985563.716399, 140
1650985563.733193, 140
1650985563.750385, 139
1650985563.768528, 139
1650985563.786282, 138
1650985563.802722, 138
1650985563.818962, 140
1650985563.835328, 139
1650985563.852000, 138
1650985563.871254, 139
1650985563.890607, 140
1650985563.906906, 138
1650985563.924403, 138
1650985563.942906, 139
1650985563.959731, 138
1650985563.976001, 138
1650985563.992259, 139
1650985564.008986, 138
1650985564.024965, 138
1650985564.040047, 140
1650985564.057756, 139
1650985564.075910, 138
1650985564.092764, 139
1650985564.112871, 139
1650985564.129173, 141
1650985564.146400, 139
1650985564.163550, 140
1650985564.181513, 140
1650985564.198481, 140
1650985564.214912, 138
1650985564.234138, 139
1650985564.252527, 139
1650985564.269155, 139
1650985564.286979, 139
1650985564.303328, 139
1650985564.319381, 139
1650985564.335776, 140
1650985564.353368, 140
1650985564.370998, 139
1650985564.388989, 140
1650985564.405526, 139
1650985564.422361, 139
1650985564.440195, 141
1650985564.459969, 139
1650985564.477322, 138
1650985564.495254, 138
1650985564.515851, 140
1650985564.533272, 140
1650985564.549443, 141
1650985564.564952, 140
1650985564.580300, 140
1650985564.597131, 140
1650985564.613064, 141
1650985564.631638, 139
1650985564.647472, 141
1650985564.663523, 140
1650985564.680405, 140
1650985564.696845, 141
1650985564.712852, 141
1650985564.729724, 140
1650985564.746265, 140
1650985564.762865, 140
1650985564.779712, 141
1650985564.797369, 140
1650985564.815907, 141
1650985564.833331, 140
1650985564.848627, 139
1650985564.865244, 140
1650985564.881892, 140
1650985564.900316, 139
1650985564.916989, 141
1650985564.933403, 139
1650985564.951678, 139
1650985564.968606, 139
1650985564.985154, 141
1650985565.001252, 141
1650985565.018932, 141
1650985565.039298, 140
1650985565.055255, 141
1650985565.071226, 141
1650985565.087765, 140
1650985565.108231, 141
1650985565.125326, 142
1650985565.144582, 140
1650985565.163032, 141
1650985565.180699, 141
1650985565.196966, 141
1650985565.214891, 140
1650985565.232529, 141
1650985565.249144, 140
1650985565.265556, 141
1650985565.281340, 141
1650985565.298013, 142
1650985565.313521, 140
1650985565.329833, 140
1650985565.349062, 140
1650985565.365587, 141
1650985565.387006, 140
1650985565.407044, 139
1650985565.425888, 142
1650985565.442946, 141
1650985565.459886, 142
1650985565.480022, 141
1650985565.498884, 141
1650985565.520257, 142
1650985565.540080, 143
1650985565.556360, 142
1650985565.574667, 142
1650985565.593301, 143
1650985565.610407, 143
1650985565.626902, 142
1650985565.644657, 144
1650985565.662106, 143
1650985565.677343, 142
1650985565.693681, 141
1650985565.710409, 141
1650985565.727289, 144
1650985565.744598, 144
1650985565.764174, 142
1650985565.781626, 142
1650985565.798534, 142
1650985565.815800, 142
1650985565.833777, 140
1650985565.850372, 142
1650985565.866720, 143
1650985565.883698, 140
1650985565.902840, 142
1650985565.919150, 142
1650985565.935523, 142
1650985565.951022, 142
1650985565.967165, 143
1650985565.984432, 142
1650985566.001373, 141
1650985566.017971, 142
1650985566.035079, 142
1650985566.053128, 142
1650985566.069655, 143
1650985566.086210, 143
1650985566.102187, 142
1650985566.120712, 142
1650985566.141149, 142
1650985566.170699, 143
1650985566.187444, 142
1650985566.204336, 143
1650985566.221381, 143
1650985566.238117, 141
1650985566.254494, 141
1650985566.272225, 142
1650985566.289777, 140
1650985566.311323, 143
1650985566.328253, 142
1650985566.343641, 143
1650985566.360963, 144
1650985566.377474, 144
1650985566.394423, 143
1650985566.411368, 143
1650985566.429180, 143
1650985566.446923, 144
1650985566.463125, 144
1650985566.482668, 144
1650985566.498955, 143
1650985566.516514, 144
1650985566.541076, 144
1650985566.559629, 143
1650985566.576631, 145
1650985566.592482, 144
1650985566.609988, 143
1650985566.626579, 145
1650985566.643058, 144
1650985566.659872, 142
1650985566.676316, 143
1650985566.691492, 143
1650985566.707561, 142
1650985566.727342, 141
1650985566.745984, 143
1650985566.768191, 143
1650985566.784039, 142
1650985566.800840, 142
1650985566.821891, 143
1650985566.837508, 144
1650985566.855451, 142
1650985566.871318, 142
1650985566.887897, 144
1650985566.904556, 144
1650985566.921055, 143
1650985566.938260, 143
1650985566.956406, 144
1650985566.974108, 143
1650985566.990790, 144
1650985567.007073, 144
1650985567.024440, 144
1650985567.041057, 143
1650985567.057630, 144
1650985567.076490, 143
1650985567.096015, 143
1650985567.113099, 144
1650985567.129578, 143
1650985567.145490, 142
1650985567.161394, 145
1650985567.176902, 144
1650985567.192881, 143
1650985567.208433, 143
1650985567.225682, 143
1650985567.240593, 142
1650985567.256955, 143
1650985567.274454, 142
1650985567.292236, 142
1650985567.311145, 144
1650985567.327818, 145
1650985567.345394, 143
1650985567.365606, 143
1650985567.381008, 144
1650985567.398404, 143
1650985567.416614, 144
1650985567.436730, 144
1650985567.454105, 143
1650985567.472873, 145
1650985567.490118, 145
1650985567.506422, 144
1650985567.522432, 143
1650985567.538921, 143
1650985567.557222, 146
1650985567.576701, 144
1650985567.593583, 144
1650985567.608853, 145
1650985567.626700, 144
1650985567.642948, 144
1650985567.659229, 143
1650985567.675664, 143
1650985567.692407, 143
1650985567.709850, 143
1650985567.726688, 143
1650985567.745464, 144
1650985567.762365, 143
1650985567.777960, 143
1650985567.793697, 145
1650985567.809399, 144
1650985567.824833, 145
1650985567.840761, 144
1650985567.856368, 144
1650985567.871292, 144
1650985567.889019, 146
1650985567.905889, 144
1650985567.924122, 145
1650985567.945393, 145
1650985567.963171, 145
1650985567.980209, 146
1650985567.997935, 145
1650985568.015019, 145
1650985568.032673, 145
1650985568.049514, 146
1650985568.065515, 145
1650985568.081513, 146
1650985568.097565, 144
1650985568.112906, 145
1650985568.130402, 143
1650985568.148550, 143
1650985568.166445, 143
1650985568.183192, 144
1650985568.200308, 144
1650985568.218618, 144
1650985568.234266, 144
1650985568.250149, 144
1650985568.266240, 146
1650985568.282062, 145
1650985568.298833, 145
1650985568.315687, 145
1650985568.338151, 148
1650985568.356044, 145
1650985568.373019, 145
1650985568.389215, 146
1650985568.406451, 145
1650985568.422897, 145
1650985568.438899, 147
1650985568.458671, 146
1650985568.474616, 147
1650985568.490571, 145
1650985568.507301, 146
1650985568.525253, 145
1650985568.547235, 145
1650985568.564175, 146
1650985568.581057, 146
1650985568.596668, 144
1650985568.612798, 146
1650985568.630315, 146
1650985568.648246, 146
1650985568.665549, 146
1650985568.682154, 145
1650985568.702398, 145
1650985568.719198, 145
1650985568.736620, 146
1650985568.752202, 147
1650985568.767296, 146
1650985568.783908, 146
1650985568.799268, 148
1650985568.817013, 146
1650985568.835434, 146
1650985568.854200, 146
1650985568.869487, 146
1650985568.885095, 145
1650985568.901565, 146
1650985568.918055, 146
1650985568.936360, 146
1650985568.956020, 146
1650985568.971897, 145
1650985568.987669, 145
1650985569.003574, 146
1650985569.019645, 146
1650985569.036260, 148
1650985569.051703, 146
1650985569.067191, 147
1650985569.088744, 147
1650985569.108416, 146
1650985569.129086, 145
1650985569.149379, 146
1650985569.165953, 144
1650985569.181459, 146
1650985569.197743, 146
1650985569.213195, 146
1650985569.228512, 145
1650985569.244174, 148
1650985569.259451, 147
1650985569.275589, 146
1650985569.291837, 148
1650985569.307819, 147
1650985569.323260, 147
1650985569.338940, 145
1650985569.354570, 147
1650985569.370271, 147
1650985569.385935, 146
1650985569.402373, 147
1650985569.419382, 147
1650985569.435117, 147
1650985569.453460, 147
1650985569.469799, 148
1650985569.486483, 146
1650985569.503281, 147
1650985569.519039, 146
1650985569.535451, 147
1650985569.551040, 146
1650985569.567829, 147
1650985569.587392, 145
1650985569.603003, 146
1650985569.618606, 146
1650985569.634781, 146
1650985569.651853, 145
1650985569.669571, 146
1650985569.687972, 147
1650985569.704879, 147
1650985569.722553, 147
1650985569.741032, 147
1650985569.757930, 146
1650985569.774050, 147
1650985569.791951, 148
1650985569.807983, 148
1650985569.824279, 148
1650985569.839676, 147
1650985569.857500, 148
1650985569.878791, 148
1650985569.896273, 147
1650985569.916328, 146
1650985569.933873, 147
1650985569.949958, 147
1650985569.971317, 149
1650985569.992439, 148
1650985570.009608, 148
1650985570.028459, 148
1650985570.046007, 148
1650985570.061493, 146
1650985570.079246, 147
1650985570.096301, 147
1650985570.115589, 145
1650985570.134585, 147
1650985570.151679, 147
1650985570.168160, 147
1650985570.184673, 148
1650985570.200595, 149
1650985570.216952, 147
1650985570.233335, 149
1650985570.250288, 148
1650985570.268635, 147
1650985570.284207, 148
1650985570.299605, 148
1650985570.317948, 147
1650985570.337540, 148
1650985570.353809, 148
1650985570.376525, 148
1650985570.394318, 148
1650985570.412546, 148
1650985570.429203, 148
1650985570.445502, 147
1650985570.463180, 148
1650985570.480176, 148
1650985570.498277, 147
1650985570.520366, 149
1650985570.536910, 148
1650985570.553593, 147
1650985570.570497, 144
1650985570.590384, 146
1650985570.606134, 145
1650985570.624386, 145
1650985570.641206, 146
1650985570.658396, 146
1650985570.677230, 148
1650985570.693766, 148
1650985570.709836, 148
1650985570.726353, 146
1650985570.745984, 147
1650985570.762284, 147
1650985570.778460, 147
1650985570.795389, 149
1650985570.811211, 149
1650985570.828483, 147
1650985570.850149, 149
1650985570.868587, 147
1650985570.884499, 148
1650985570.901603, 148
1650985570.919764, 148
1650985570.936021, 146
1650985570.951883, 147
1650985570.968327, 146
1650985570.984203, 146
1650985571.000561, 145
1650985571.017217, 145
1650985571.033697, 146
1650985571.054281, 145
1650985571.072323, 145
1650985571.092790, 144
1650985571.109170, 142
1650985571.129509, 141
1650985571.145374, 141
1650985571.165194, 142
1650985571.182013, 142
1650985571.199090, 142
1650985571.216344, 140
1650985571.231632, 141
1650985571.248461, 140
1650985571.264230, 141
1650985571.280624, 135
1650985571.299695, 129
1650985571.317253, 122
1650985571.335262, 116
1650985571.354868, 110
1650985571.375363, 104
1650985571.391184, 95
1650985571.416682, 87
1650985571.435146, 81
1650985571.451347, 76
1650985571.470504, 71
1650985571.486057, 71
1650985571.508753, 71
1650985571.524701, 71
1650985571.543849, 72
1650985571.560358, 72
1650985571.576772, 71
1650985571.592611, 72
1650985571.610669, 72
1650985571.630512, 71
1650985571.654296, 72
1650985571.673842, 72
1650985571.690801, 72
1650985571.712149, 71
1650985571.731208, 72
1650985571.751326, 72
1650985571.769223, 71
1650985571.785524, 72
1650985571.802314, 73
1650985571.818219, 72
1650985571.836240, 71
1650985571.854100, 73
1650985571.870663, 72
1650985571.886894, 72
1650985571.902452, 73
1650985571.918475, 73
1650985571.938531, 74
1650985571.957472, 74
1650985571.981213, 71
1650985572.000429, 74
1650985572.018058, 72
1650985572.035437, 71
1650985572.053854, 73
1650985572.075540, 74
1650985572.093095, 73
1650985572.112743, 72
1650985572.130221, 75
1650985572.154454, 74
1650985572.176477, 71
1650985572.194380, 74
1650985572.211628, 74
1650985572.232475, 74
1650985572.252044, 73
1650985572.269671, 73
1650985572.286203, 75
1650985572.303368, 73
1650985572.318884, 73
1650985572.334929, 73
1650985572.351419, 74
1650985572.368334, 73
1650985572.386358, 73
1650985572.402752, 73
1650985572.418546, 71
1650985572.434671, 75
1650985572.450842, 75
1650985572.466179, 74
1650985572.481942, 75
1650985572.498537, 74
1650985572.516419, 74
1650985572.533643, 75
1650985572.549691, 74
1650985572.565897, 74
1650985572.585208, 76
1650985572.603072, 74
1650985572.619362, 73
1650985572.635397, 75
1650985572.651716, 73
1650985572.669414, 74
1650985572.688038, 73
1650985572.703872, 73
1650985572.724012, 74
1650985572.742916, 76
1650985572.759787, 74
1650985572.776912, 75
1650985572.794437, 74
1650985572.816505, 75
1650985572.834748, 75
1650985572.851737, 75
1650985572.871410, 76
1650985572.889084, 76
1650985572.906116, 75
1650985572.924640, 73
1650985572.944664, 74
1650985572.960918, 74
1650985572.978032, 76
1650985572.996843, 75
1650985573.013943, 74
1650985573.029959, 75
1650985573.047768, 75
1650985573.064433, 76
1650985573.080983, 76
1650985573.097826, 76
1650985573.114159, 75
1650985573.130155, 76
1650985573.145675, 77
1650985573.162148, 75
1650985573.180680, 75
1650985573.198051, 76
1650985573.214802, 76
1650985573.232336, 75
1650985573.248594, 76
1650985573.265893, 76
1650985573.283025, 75
1650985573.298446, 75
1650985573.315476, 75
1650985573.331388, 76
1650985573.348429, 75
1650985573.363838, 77
1650985573.381372, 77
1650985573.397639, 76
1650985573.414834, 77
1650985573.434415, 75
1650985573.450976, 77
1650985573.467718, 78
1650985573.485794, 78
1650985573.507036, 79
1650985573.530486, 79
1650985573.550691, 77
1650985573.572399, 77
1650985573.589007, 77
1650985573.607670, 77
1650985573.625558, 77
1650985573.643483, 77
1650985573.661943, 75
1650985573.684489, 77
1650985573.703251, 78
1650985573.720656, 77
1650985573.736294, 77
1650985573.756005, 77
1650985573.774409, 79
1650985573.791760, 77
1650985573.807637, 79
1650985573.825042, 77
1650985573.841621, 77
1650985573.860346, 75
1650985573.877297, 76
1650985573.894516, 77
1650985573.912896, 77
1650985573.929395, 77
1650985573.945502, 76
1650985573.961560, 76
1650985573.977625, 78
1650985573.993965, 77
1650985574.009662, 78
1650985574.025629, 78
1650985574.043332, 79
1650985574.061431, 78
1650985574.078760, 78
1650985574.095592, 79
1650985574.112597, 79
1650985574.129349, 79
1650985574.145444, 80
1650985574.164173, 78
1650985574.181719, 76
1650985574.197220, 78
1650985574.214529, 78
1650985574.232302, 77
1650985574.248447, 76
1650985574.263859, 78
1650985574.280381, 78
1650985574.296536, 78
1650985574.314558, 79
1650985574.330063, 78
1650985574.347357, 80
1650985574.363741, 79
1650985574.380050, 79
1650985574.397146, 79
1650985574.414378, 79
1650985574.431480, 79
1650985574.448660, 79
1650985574.464782, 80
1650985574.480515, 79
1650985574.497145, 79
1650985574.514022, 78
1650985574.531339, 79
1650985574.547127, 78
1650985574.566581, 78
1650985574.581817, 80
1650985574.598157, 80
1650985574.614662, 79
1650985574.632726, 80
1650985574.650237, 80
1650985574.665895, 81
1650985574.680524, 78
1650985574.696213, 80
1650985574.711746, 80
1650985574.729884, 81
1650985574.746872, 80
1650985574.762575, 80
1650985574.779177, 80
1650985574.800575, 80
1650985574.815728, 80
1650985574.834467, 78
1650985574.851755, 79
1650985574.869329, 79
1650985574.886157, 80
1650985574.903489, 79
1650985574.920316, 79
1650985574.936341, 81
1650985574.954660, 80
1650985574.972945, 81
1650985574.989512, 81
1