1650985431.069389, 0
1650985431.090716, 0
1650985431.115026, 0
1650985431.138103, 4
1650985431.158728, 2
1650985431.174466, 4
1650985431.197469, 11
1650985431.214548, 16
1650985431.231234, 20
1650985431.248148, 22
1650985431.264867, 26
1650985431.284423, 34
1650985431.302438, 39
1650985431.320175, 45
1650985431.340460, 49
1650985431.358484, 52
1650985431.376444, 57
1650985431.394890, 63
1650985431.411758, 69
1650985431.429243, 72
1650985431.446875, 78
1650985431.464289, 82
1650985431.482894, 85
1650985431.500989, 91
1650985431.517816, 98
1650985431.536142, 100
1650985431.558286, 99
1650985431.576517, 100
1650985431.595578, 99
1650985431.613218, 100
1650985431.632005, 100
1650985431.649238, 99
1650985431.667817, 100
1650985431.685169, 100
1650985431.701406, 100
1650985431.733020, 100
1650985431.758006, 99
1650985431.774190, 100
1650985431.803433, 100
1650985431.819618, 99
1650985431.835537, 100
1650985431.856475, 100
1650985431.884461, 98
1650985431.899620, 100
1650985431.915247, 100
1650985431.933955, 99
1650985431.952306, 99
1650985431.969993, 99
1650985431.986847, 100
1650985432.005167, 100
1650985432.021596, 99
1650985432.043051, 100
1650985432.060281, 100
1650985432.076457, 99
1650985432.094080, 100
1650985432.117759, 99
1650985432.134588, 98
1650985432.151558, 99
1650985432.171682, 99
1650985432.192161, 100
1650985432.209477, 99
1650985432.226268, 100
1650985432.242496, 100
1650985432.258860, 100
1650985432.275839, 100
1650985432.292689, 99
1650985432.309019, 96
1650985432.325641, 100
1650985432.343767, 99
1650985432.359833, 100
1650985432.376432, 98
1650985432.391710, 100
1650985432.407110, 99
1650985432.424413, 99
1650985432.441775, 99
1650985432.458455, 100
1650985432.475958, 100
1650985432.497167, 100
1650985432.514830, 98
1650985432.536310, 99
1650985432.555775, 99
1650985432.571674, 99
1650985432.590097, 98
1650985432.606380, 99
1650985432.623307, 99
1650985432.640219, 99
1650985432.656855, 98
1650985432.674372, 97
1650985432.692178, 98
1650985432.708166, 95
1650985432.723488, 95
1650985432.739694, 97
1650985432.757541, 96
1650985432.772856, 97
1650985432.788322, 97
1650985432.804033, 97
1650985432.820582, 98
1650985432.837047, 99
1650985432.853386, 97
1650985432.870240, 93
1650985432.888699, 92
1650985432.904491, 93
1650985432.921219, 94
1650985432.936730, 94
1650985432.952030, 97
1650985432.967841, 95
1650985432.988373, 95
1650985433.005384, 100
1650985433.022665, 98
1650985433.040075, 97
1650985433.057187, 97
1650985433.073010, 99
1650985433.089001, 97
1650985433.104163, 97
1650985433.119876, 96
1650985433.138305, 98
1650985433.155475, 95
1650985433.174472, 96
1650985433.191614, 95
1650985433.208469, 94
1650985433.225897, 90
1650985433.243366, 88
1650985433.261110, 87
1650985433.278748, 84
1650985433.296429, 77
1650985433.312450, 75
1650985433.330266, 70
1650985433.353181, 68
1650985433.371942, 60
1650985433.389102, 56
1650985433.405426, 50
1650985433.422759, 45
1650985433.439980, 40
1650985433.459449, 37
1650985433.476619, 37
1650985433.493024, 38
1650985433.509586, 36
1650985433.526033, 36
1650985433.541282, 37
1650985433.560548, 37
1650985433.577126, 39
1650985433.593887, 36
1650985433.609373, 35
1650985433.627726, 35
1650985433.643585, 34
1650985433.660714, 34
1650985433.677671, 35
1650985433.696712, 33
1650985433.712627, 35
1650985433.729238, 34
1650985433.744751, 35
1650985433.760416, 33
1650985433.776564, 35
1650985433.798236, 34
1650985433.814256, 35
1650985433.832439, 36
1650985433.848835, 34
1650985433.864619, 35
1650985433.883120, 36
1650985433.900411, 36
1650985433.916757, 36
1650985433.932642, 37
1650985433.949940, 36
1650985433.966058, 36
1650985433.981664, 36
1650985433.997811, 35
1650985434.014654, 34
1650985434.031036, 34
1650985434.046810, 35
1650985434.065788, 35
1650985434.082411, 36
1650985434.101874, 36
1650985434.118178, 35
1650985434.137017, 36
1650985434.153310, 35
1650985434.169826, 36
1650985434.187414, 36
1650985434.204927, 36
1650985434.222089, 36
1650985434.237346, 35
1650985434.257977, 37
1650985434.275817, 36
1650985434.292832, 38
1650985434.311091, 38
1650985434.328204, 37
1650985434.345413, 37
1650985434.363956, 36
1650985434.382313, 37
1650985434.399320, 38
1650985434.415907, 38
1650985434.432780, 37
1650985434.450915, 38
1650985434.470435, 39
1650985434.487002, 37
1650985434.504604, 37
1650985434.520545, 38
1650985434.536473, 38
1650985434.557642, 38
1650985434.579696, 38
1650985434.596892, 37
1650985434.612843, 37
1650985434.629308, 38
1650985434.650312, 38
1650985434.667113, 37
1650985434.683666, 38
1650985434.703194, 37
1650985434.722480, 39
1650985434.738613, 38
1650985434.755942, 38
1650985434.772932, 38
1650985434.789311, 38
1650985434.807206, 37
1650985434.824695, 38
1650985434.841606, 39
1650985434.858565, 38
1650985434.875759, 39
1650985434.896849, 38
1650985434.913172, 39
1650985434.928714, 40
1650985434.947354, 38
1650985434.963190, 39
1650985434.980211, 38
1650985434.998049, 40
1650985435.016194, 39
1650985435.033798, 39
1650985435.051537, 38
1650985435.069612, 38
1650985435.086399, 39
1650985435.102255, 41
1650985435.117909, 40
1650985435.133688, 41
1650985435.150637, 41
1650985435.166285, 41
1650985435.184293, 41
1650985435.201530, 39
1650985435.219419, 40
1650985435.238036, 40
1650985435.253456, 40
1650985435.270843, 41
1650985435.288310, 39
1650985435.305289, 42
1650985435.324860, 40
1650985435.341489, 41
1650985435.357760, 41
1650985435.374282, 41
1650985435.394721, 40
1650985435.411884, 42
1650985435.428837, 42
1650985435.449314, 41
1650985435.465751, 41
1650985435.482069, 41
1650985435.498621, 41
1650985435.516386, 42
1650985435.536993, 41
1650985435.554361, 41
1650985435.570525, 42
1650985435.589077, 43
1650985435.605596, 42
1650985435.623188, 42
1650985435.644360, 42
1650985435.663017, 43
1650985435.679243, 42
1650985435.697625, 42
1650985435.715291, 42
1650985435.732245, 43
1650985435.752733, 42
1650985435.768815, 43
1650985435.785192, 42
1650985435.801298, 43
1650985435.818531, 43
1650985435.836437, 43
1650985435.853006, 44
1650985435.869662, 43
1650985435.886329, 44
1650985435.905093, 44
1650985435.922042, 44
1650985435.939454, 44
1650985435.956673, 44
1650985435.978656, 45
1650985435.994870, 45
1650985436.010000, 44
1650985436.026910, 45
1650985436.045859, 45
1650985436.062184, 45
1650985436.079868, 44
1650985436.096533, 44
1650985436.112263, 46
1650985436.127933, 44
1650985436.143952, 44
1650985436.160253, 46
1650985436.175909, 45
1650985436.192485, 45
1650985436.208256, 45
1650985436.224440, 45
1650985436.241003, 46
1650985436.257882, 46
1650985436.275447, 47
1650985436.290784, 47
1650985436.306326, 48
1650985436.325183, 47
1650985436.341702, 47
1650985436.359286, 47
1650985436.375540, 47
1650985436.392261, 46
1650985436.408749, 46
1650985436.424427, 46
1650985436.441650, 47
1650985436.458298, 47
1650985436.474337, 47
1650985436.491158, 47
1650985436.508817, 48
1650985436.525745, 47
1650985436.541873, 48
1650985436.566847, 47
1650985436.582725, 47
1650985436.598728, 45
1650985436.615340, 46
1650985436.631952, 47
1650985436.648900, 47
1650985436.665035, 47
1650985436.681667, 47
1650985436.699108, 46
1650985436.716942, 48
1650985436.735351, 48
1650985436.752283, 48
1650985436.768623, 47
1650985436.784005, 48
1650985436.801129, 49
1650985436.818656, 48
1650985436.836511, 47
1650985436.856527, 47
1650985436.872844, 47
1650985436.888918, 47
1650985436.905044, 46
1650985436.921470, 46
1650985436.937135, 47
1650985436.952394, 47
1650985436.967936, 48
1650985436.986420, 49
1650985437.003142, 48
1650985437.020454, 49
1650985437.038239, 49
1650985437.053972, 48
1650985437.072669, 49
1650985437.088596, 49
1650985437.104186, 49
1650985437.120463, 49
1650985437.136452, 47
1650985437.153791, 49
1650985437.170387, 48
1650985437.186272, 47
1650985437.203867, 48
1650985437.219345, 49
1650985437.235957, 50
1650985437.256249, 49
1650985437.275543, 48
1650985437.291980, 49
1650985437.307387, 49
1650985437.322829, 47
1650985437.339302, 49
1650985437.357907, 49
1650985437.374600, 50
1650985437.391131, 50
1650985437.407072, 49
1650985437.427260, 49
1650985437.444391, 49
1650985437.460287, 49
1650985437.477431, 50
1650985437.494627, 50
1650985437.511441, 49
1650985437.528556, 49
1650985437.545996, 50
1650985437.563963, 50
1650985437.582747, 50
1650985437.599120, 50
1650985437.616578, 50
1650985437.633003, 49
1650985437.648431, 50
1650985437.666588, 50
1650985437.681574, 50
1650985437.697982, 50
1650985437.713219, 51
1650985437.729770, 49
1650985437.746302, 50
1650985437.761632, 51
1650985437.777242, 51
1650985437.793415, 52
1650985437.808982, 51
1650985437.824254, 50
1650985437.839406, 50
1650985437.856654, 51
1650985437.872424, 51
1650985437.888421, 50
1650985437.905664, 51
1650985437.922697, 52
1650985437.940541, 52
1650985437.957308, 52
1650985437.974884, 51
1650985437.991867, 51
1650985438.007905, 51
1650985438.024235, 52
1650985438.041746, 51
1650985438.057139, 51
1650985438.072576, 52
1650985438.089034, 53
1650985438.107489, 52
1650985438.124236, 50
1650985438.140242, 52
1650985438.158497, 52
1650985438.173238, 52
1650985438.189418, 52
1650985438.206402, 52
1650985438.224287, 52
1650985438.240925, 53
1650985438.258030, 52
1650985438.275213, 53
1650985438.294570, 51
1650985438.310199, 53
1650985438.327172, 52
1650985438.347788, 53
1650985438.363823, 54
1650985438.380507, 53
1650985438.400768, 52
1650985438.417326, 53
1650985438.434313, 55
1650985438.452190, 53
1650985438.468416, 55
1650985438.486573, 53
1650985438.506340, 54
1650985438.525594, 54
1650985438.544657, 55
1650985438.560658, 54
1650985438.577811, 52
1650985438.594837, 53
1650985438.613965, 53
1650985438.634455, 55
1650985438.651628, 54
1650985438.674504, 53
1650985438.692396, 53
1650985438.712197, 53
1650985438.728675, 53
1650985438.745793, 55
1650985438.768244, 54
1650985438.784892, 53
1650985438.802047, 55
1650985438.819976, 55
1650985438.837056, 54
1650985438.853722, 54
1650985438.870351, 55
1650985438.889045, 54
1650985438.905983, 55
1650985438.924583, 56
1650985438.942683, 55
1650985438.959661, 53
1650985438.976774, 54
1650985439.000183, 54
1650985439.020867, 53
1650985439.037891, 55
1650985439.053746, 54
1650985439.070398, 54
1650985439.086972, 54
1650985439.103501, 56
1650985439.120346, 54
1650985439.138377, 55
1650985439.157272, 55
1650985439.176403, 56
1650985439.193660, 55
1650985439.210843, 55
1650985439.226739, 56
1650985439.246772, 55
1650985439.262351, 57
1650985439.278411, 57
1650985439.293825, 56
1650985439.309424, 58
1650985439.326093, 57
1650985439.342027, 57
1650985439.358651, 56
1650985439.376762, 58
1650985439.393376, 57
1650985439.409843, 55
1650985439.425348, 57
1650985439.441294, 57
1650985439.457766, 55
1650985439.473467, 57
1650985439.489181, 55
1650985439.504709, 56
1650985439.520948, 57
1650985439.543250, 58
1650985439.560355, 57
1650985439.578313, 56
1650985439.594697, 57
1650985439.614290, 57
1650985439.634605, 57
1650985439.650728, 58
1650985439.668473, 58
1650985439.690154, 57
1650985439.708709, 56
1650985439.724974, 57
1650985439.742992, 57
1650985439.761130, 57
1650985439.777352, 57
1650985439.794642, 56
1650985439.811957, 57
1650985439.830287, 57
1650985439.848367, 58
1650985439.864535, 57
1650985439.881317, 58
1650985439.897464, 58
1650985439.912733, 57
1650985439.928663, 58
1650985439.945928, 59
1650985439.962918, 58
1650985439.978839, 57
1650985439.994259, 58
1650985440.010861, 58
1650985440.031245, 59
1650985440.049286, 58
1650985440.065194, 58
1650985440.085038, 59
1650985440.101195, 58
1650985440.118059, 57
1650985440.134454, 57
1650985440.151108, 57
1650985440.168725, 59
1650985440.184980, 59
1650985440.204627, 59
1650985440.220274, 60
1650985440.237882, 58
1650985440.253892, 58
1650985440.269987, 59
1650985440.286777, 59
1650985440.302531, 59
1650985440.320045, 59
1650985440.339108, 60
1650985440.360242, 61
1650985440.377832, 61
1650985440.396322, 60
1650985440.412846, 59
1650985440.432317, 60
1650985440.449244, 60
1650985440.465717, 59
1650985440.481484, 61
1650985440.497384, 59
1650985440.515543, 59
1650985440.536758, 60
1650985440.559325, 60
1650985440.575187, 59
1650985440.593631, 59
1650985440.610106, 60
1650985440.631614, 60
1650985440.647093, 60
1650985440.662995, 60
1650985440.682492, 60
1650985440.699200, 60
1650985440.716707, 60
1650985440.736488, 60
1650985440.756518, 59
1650985440.774390, 60
1650985440.790916, 59
1650985440.806827, 60
1650985440.824400, 60
1650985440.840526, 61
1650985440.862612, 60
1650985440.882187, 60
1650985440.899354, 61
1650985440.915991, 61
1650985440.935550, 61
1650985440.956948, 60
1650985440.973657, 62
1650985440.991437, 60
1650985441.011048, 60
1650985441.028680, 61
1650985441.046120, 60
1650985441.062825, 62
1650985441.079324, 61
1650985441.097392, 61
1650985441.114109, 61
1650985441.133867, 63
1650985441.149873, 59
1650985441.173975, 63
1650985441.191764, 62
1650985441.208586, 62
1650985441.226139, 61
1650985441.243565, 63
1650985441.261084, 63
1650985441.281690, 62
1650985441.298243, 62
1650985441.316756, 63
1650985441.333206, 62
1650985441.349400, 61
1650985441.367735, 61
1650985441.384632, 64
1650985441.402082, 62
1650985441.417673, 63
1650985441.434310, 62
1650985441.452553, 63
1650985441.469188, 62
1650985441.484627, 63
1650985441.499905, 61
1650985441.517542, 64
1650985441.534859, 62
1650985441.551740, 62
1650985441.568373, 63
1650985441.584239, 63
1650985441.600646, 63
1650985441.616350, 62
1650985441.631386, 61
1650985441.646465, 62
1650985441.662325, 63
1650985441.681205, 63
1650985441.700393, 62
1650985441.719319, 64
1650985441.737385, 63
1650985441.753545, 63
1650985441.782659, 63
1650985441.798982, 63
1650985441.816645, 64
1650985441.835930, 63
1650985441.852919, 63
1650985441.869384, 64
1650985441.891673, 65
1650985441.908912, 63
1650985441.926668, 65
1650985441.942400, 65
1650985441.959692, 64
1650985441.978024, 66
1650985441.993356, 66
1650985442.013967, 65
1650985442.029815, 67
1650985442.046983, 66
1650985442.064041, 66
1650985442.081641, 66
1650985442.097638, 66
1650985442.115058, 65
1650985442.134718, 64
1650985442.155201, 65
1650985442.173257, 65
1650985442.191786, 63
1650985442.208741, 64
1650985442.225015, 66
1650985442.241362, 65
1650985442.257676, 67
1650985442.274999, 67
1650985442.291607, 66
1650985442.309103, 65
1650985442.328383, 67
1650985442.344286, 66
1650985442.360936, 66
1650985442.379255, 66
1650985442.397278, 66
1650985442.414101, 67
1650985442.431210, 66
1650985442.447660, 65
1650985442.464825, 66
1650985442.482369, 65
1650985442.500842, 65
1650985442.517957, 64
1650985442.539132, 65
1650985442.562140, 67
1650985442.581207, 66
1650985442.597909, 68
1650985442.617800, 67
1650985442.633299, 66
1650985442.649305, 68
1650985442.666210, 66
1650985442.683243, 68
1650985442.700541, 65
1650985442.717508, 67
1650985442.738869, 66
1650985442.758100, 67
1650985442.775887, 66
1650985442.791873, 67
1650985442.809506, 67
1650985442.829923, 67
1650985442.847294, 67
1650985442.863838, 68
1650985442.880696, 67
1650985442.899887, 66
1650985442.927744, 67
1650985442.944262, 69
1650985442.960448, 68
1650985442.977415, 68
1650985442.994002, 70
1650985443.012332, 68
1650985443.028796, 69
1650985443.050197, 67
1650985443.067451, 68
1650985443.084212, 68
1650985443.101726, 69
1650985443.119958, 69
1650985443.136388, 70
1650985443.154691, 69
1650985443.172788, 68
1650985443.190738, 68
1650985443.214464, 70
1650985443.232281, 67
1650985443.252501, 68
1650985443.271253, 68
1650985443.289414, 66
1650985443.308638, 68
1650985443.328412, 68
1650985443.347995, 68
1650985443.366506, 67
1650985443.383645, 68
1650985443.402091, 67
1650985443.418572, 69
1650985443.436463, 68
1650985443.456917, 68
1650985443.472359, 70
1650985443.489990, 70
1650985443.507951, 69
1650985443.525005, 70
1650985443.542857, 70
1650985443.559485, 70
1650985443.576220, 68
1650985443.592615, 68
1650985443.608836, 69
1650985443.625385, 68
1650985443.641027, 68
1650985443.656230, 69
1650985443.671655, 70
1650985443.689414, 68
1650985443.711163, 70
1650985443.726711, 70
1650985443.746143, 70
1650985443.761652, 71
1650985443.777147, 70
1650985443.793615, 71
1650985443.810747, 69
1650985443.826997, 70
1650985443.842589, 70
1650985443.858641, 70
1650985443.874414, 70
1650985443.893114, 69
1650985443.909668, 70
1650985443.927852, 71
1650985443.945289, 69
1650985443.962538, 69
1650985443.979628, 69
1650985443.996219, 71
1650985444.010971, 70
1650985444.027853, 71
1650985444.047672, 71
1650985444.064151, 72
1650985444.081535, 71
1650985444.097359, 71
1650985444.112923, 69
1650985444.128465, 72
1650985444.144303, 71
1650985444.160857, 70
1650985444.177394, 70
1650985444.192372, 70
1650985444.208295, 69
1650985444.224883, 70
1650985444.241221, 71
1650985444.258109, 71
1650985444.274695, 70
1650985444.290260, 73
1650985444.306534, 72
1650985444.322240, 71
1650985444.341930, 71
1650985444.357460, 71
1650985444.375037, 71
1650985444.392657, 71
1650985444.409809, 71
1650985444.427047, 72
1650985444.443185, 72
1650985444.460111, 70
1650985444.479058, 71
1650985444.496252, 70
1650985444.512288, 72
1650985444.529381, 71
1650985444.544379, 70
1650985444.563945, 69
1650985444.583778, 72
1650985444.605538, 73
1650985444.624356, 70
1650985444.648619, 71
1650985444.665053, 73
1650985444.682262, 73
1650985444.700464, 72
1650985444.717709, 73
1650985444.733228, 72
1650985444.749887, 72
1650985444.766521, 72
1650985444.783456, 71
1650985444.800364, 73
1650985444.816637, 72
1650985444.835910, 72
1650985444.853713, 72
1650985444.874659, 71
1650985444.891926, 71
1650985444.908840, 73
1650985444.926337, 73
1650985444.941740, 73
1650985444.958554, 73
1650985444.974352, 74
1650985444.990977, 74
1650985445.009661, 73
1650985445.026935, 73
1650985445.042670, 74
1650985445.059809, 72
1650985445.076255, 72
1650985445.092066, 74
1650985445.111465, 73
1650985445.128569, 72
1650985445.144273, 73
1650985445.160238, 74
1650985445.177265, 74
1650985445.195067, 75
1650985445.212486, 75
1650985445.232694, 75
1650985445.250734, 75
1650985445.270345, 75
1650985445.285941, 74
1650985445.302205, 73
1650985445.318980, 74
1650985445.336628, 73
1650985445.354298, 74
1650985445.369915, 75
1650985445.391844, 72
1650985445.408250, 72
1650985445.427702, 75
1650985445.444636, 74
1650985445.465526, 74
1650985445.484695, 75
1650985445.506217, 74
1650985445.526326, 73
1650985445.546378, 75
1650985445.563477, 74
1650985445.582120, 75
1650985445.599982, 76
1650985445.616256, 75
1650985445.632621, 74
1650985445.649341, 75
1650985445.666488, 74
1650985445.683036, 74
1650985445.699482, 75
1650985445.716040, 74
1650985445.735847, 75
1650985445.757132, 75
1650985445.773305, 76
1650985445.788920, 75
1650985445.806081, 75
1650985445.823788, 75
1650985445.839941, 77
1650985445.863040, 76
1650985445.879180, 77
1650985445.897281, 77
1650985445.913886, 75
1650985445.932183, 75
1650985445.949072, 75
1650985445.965839, 76
1650985445.983691, 75
1650985446.000032, 75
1650985446.016644, 75
1650985446.033250, 75
1650985446.049342, 76
1650985446.066120, 75
1650985446.082430, 74
1650985446.098575, 75
1650985446.116470, 76
1650985446.131742, 75
1650985446.148812, 76
1650985446.164001, 76
1650985446.180376, 76
1650985446.196011, 77
1650985446.212317, 76
1650985446.228242, 78
1650985446.245432, 77
1650985446.261840, 76
1650985446.281691, 77
1650985446.297825, 75
1650985446.314285, 76
1650985446.335352, 74
1650985446.355735, 76
1650985446.374795, 74
1650985446.390521, 76
1650985446.410773, 75
1650985446.426060, 76
1650985446.442780, 77
1650985446.460860, 78
1650985446.477891, 78
1650985446.494164, 77
1650985446.509482, 77
1650985446.528584, 75
1650985446.547153, 78
1650985446.566623, 78
1650985446.584742, 77
1650985446.602169, 78
1650985446.618972, 77
1650985446.636368, 78
1650985446.653870, 78
1650985446.671506, 77
1650985446.687800, 77
1650985446.707311, 77
1650985446.727347, 77
1650985446.743764, 77
1650985446.762202, 77
1650985446.785728, 79
1650985446.804807, 78
1650985446.823273, 79
1650985446.841352, 78
1650985446.859899, 78
1650985446.876703, 77
1650985446.892684, 78
1650985446.911425, 78
1650985446.928844, 77
1650985446.946660, 77
1650985446.962942, 78
1650985446.979029, 76
1650985446.994575, 77
1650985447.009874, 78
1650985447.027017, 78
1650985447.044293, 78
1650985447.059379, 79
1650985447.075789, 78
1650985447.096203, 77
1650985447.113855, 79
1650985447.131509, 79
1650985447.148457, 78
1650985447.164843, 79
1650985447.181142, 80
1650985447.197311, 78
1650985447.216317, 80
1650985447.232144, 78
1650985447.247474, 78
1650985447.264324, 78
1650985447.280930, 78
1650985447.299374, 77
1650985447.317772, 78
1650985447.335841, 78
1650985447.353842, 79
1650985447.371905, 79
1650985447.390279, 80
1650985447.407583, 80
1650985447.424700, 80
1650985447.441229, 80
1650985447.457708, 80
1650985447.473316, 79
1650985447.490737, 79
1650985447.508880, 79
1650985447.526701, 81
1650985447.543322, 79
1650985447.559744, 79
1650985447.577402, 80
1650985447.592797, 79
1650985447.610189, 79
1650985447.630891, 78
1650985447.647454, 79
1650985447.664514, 80
1650985447.684779, 80
1650985447.704736, 81
1650985447.721254, 80
1650985447.737346, 80
1650985447.758061, 79
1650985447.776421, 80
1650985447.793287, 79
1650985447.810457, 80
1650985447.826142, 80
1650985447.841955, 82
1650985447.857854, 80
1650985447.874655, 80
1650985447.890839, 79
1650985447.908883, 81
1650985447.925440, 79
1650985447.942091, 80
1650985447.959367, 80
1650985447.977683, 78
1650985447.994633, 79
1650985448.014496, 81
1650985448.032369, 80
1650985448.048917, 82
1650985448.066039, 82
1650985448.085886, 81
1650985448.103581, 81
1650985448.124261, 81
1650985448.140672, 82
1650985448.160520, 81
1650985448.181276, 81
1650985448.200684, 78
1650985448.219342, 80
1650985448.234965, 80
1650985448.251359, 80
1650985448.268254, 80
1650985448.285626, 81
1650985448.301212, 80
1650985448.317511, 82
1650985448.335083, 82
1650985448.353780, 82
1650985448.370442, 81
1650985448.387398, 82
1650985448.404225, 82
1650985448.420229, 82
1650985448.437945, 82
1650985448.453792, 83
1650985448.470731, 82
1650985448.486906, 81
1650985448.507248, 82
1650985448.524224, 81
1650985448.542985, 81
1650985448.565585, 81
1650985448.587937, 82
1650985448.605481, 80
1650985448.622476, 80
1650985448.642770, 82
1650985448.661457, 81
1650985448.677796, 82
1650985448.694192, 83
1650985448.710842, 83
1650985448.727343, 83
1650985448.746821, 83
1650985448.763335, 83
1650985448.780240, 83
1650985448.795546, 84
1650985448.812680, 82
1650985448.827974, 83
1650985448.843702, 82
1650985448.864468, 83
1650985448.881143, 81
1650985448.898332, 83
1650985448.915042, 83
1650985448.931515, 82
1650985448.949271, 81
1650985448.972192, 83
1650985448.992943, 82
1650985449.010814, 81
1650985449.028311, 83
1650985449.046405, 83
1650985449.068015, 83
1650985449.086460, 83
1650985449.102990, 84
1650985449.119093, 83
1650985449.135676, 84
1650985449.151885, 83
1650985449.168313, 82
1650985449.187516, 83
1650985449.204239, 84
1650985449.220441, 83
1650985449.235923, 82
1650985449.254335, 84
1650985449.270650, 83
1650985449.288328, 83
1650985449.306383, 83
1650985449.325871, 83
1650985449.347673, 84
1650985449.368334, 85
1650985449.385948, 86
1650985449.403475, 85
1650985449.419935, 84
1650985449.438780, 85
1650985449.456166, 85
1650985449.474045, 85
1650985449.490112, 85
1650985449.506723, 84
1650985449.522128, 85
1650985449.539007, 84
1650985449.554924, 84
1650985449.570919, 85
1650985449.588362, 83
1650985449.605678, 85
1650985449.623353, 84
1650985449.641116, 85
1650985449.659471, 84
1650985449.675060, 85
1650985449.691203, 85
1650985449.708384, 85
1650985449.727227, 85
1650985449.744536, 85
1650985449.762516, 86
1650985449.777974, 86
1650985449.795380, 84
1650985449.811216, 85
1650985449.831870, 85
1650985449.849198, 84
1650985449.865651, 84
1650985449.882056, 84
1650985449.899955, 83
1650985449.917244, 84
1650985449.935596, 85
1650985449.952626, 83
1650985449.969682, 85
1650985449.986705, 85
1650985450.003607, 85
1650985450.021823, 86
1650985450.039060, 86
1650985450.057970, 85
1650985450.076303, 86
1650985450.093636, 87
1650985450.111082, 87
1650985450.132426, 86
1650985450.149118, 87
1650985450.168958, 88
1650985450.191426, 85
1650985450.208276, 86
1650985450.226581, 85
1650985450.244251, 85
1650985450.261053, 85
1650985450.278366, 84
1650985450.295905, 85
1650985450.315294, 87
1650985450.331181, 86
1650985450.350115, 86
1650985450.366004, 84
1650985450.381419, 86
1650985450.397775, 86
1650985450.413958, 85
1650985450.431363, 86
1650985450.447099, 87
1650985450.467174, 86
1650985450.484215, 86
1650985450.501509, 87
1650985450.518169, 86
1650985450.534316, 85
1650985450.549610, 86
1650985450.565910, 86
1650985450.582012, 86
1650985450.597726, 86
1650985450.614114, 87
1650985450.629768, 86
1650985450.647081, 86
1650985450.663607, 87
1650985450.681863, 87
1650985450.697773, 87
1650985450.716269, 87
1650985450.732455, 88
1650985450.749352, 86
1650985450.771252, 88
1650985450.788073, 86
1650985450.804901, 85
1650985450.823007, 87
1650985450.842717, 88
1650985450.861025, 85
1650985450.881419, 86
1650985450.897900, 87
1650985450.915556, 86
1650985450.931889, 87
1650985450.948073, 88
1650985450.969219, 86
1650985450.986891, 89
1650985451.004662, 88
1650985451.022200, 88
1650985451.039154, 88
1650985451.058966, 88
1650985451.074386, 88
1650985451.092448, 88
1650985451.110300, 89
1650985451.125005, 87
1650985451.141484, 88
1650985451.158434, 89
1650985451.175368, 89
1650985451.197359, 87
1650985451.213290, 87
1650985451.229596, 87
1650985451.246150, 88
1650985451.262059, 88
1650985451.277673, 88
1650985451.296450, 86
1650985451.312538, 86
1650985451.329476, 88
1650985451.348307, 88
1650985451.365659, 87
1650985451.382316, 87
1650985451.401716, 89
1650985451.422177, 89
1650985451.438401, 89
1650985451.455249, 90
1650985451.471942, 88
1650985451.488366, 88
1650985451.504442, 89
1650985451.520737, 89
1650985451.536674, 88
1650985451.556956, 88
1650985451.575628, 88
1650985451.592974, 88
1650985451.609151, 88
1650985451.626375, 87
1650985451.648371, 88
1650985451.664926, 89
1650985451.681276, 89
1650985451.698544, 89
1650985451.716460, 89
1650985451.733363, 88
1650985451.749934, 89
1650985451.766888, 90
1650985451.784244, 89
1650985451.800929, 90
1650985451.816612, 88
1650985451.833354, 89
1650985451.849894, 89
1650985451.866677, 90
1650985451.885735, 89
1650985451.904649, 90
1650985451.921609, 89
1650985451.938105, 89
1650985451.954182, 89
1650985451.970660, 89
1650985451.988305, 88
1650985452.004502, 90
1650985452.021112, 90
1650985452.040979, 90
1650985452.059424, 90
1650985452.075685, 90
1650985452.091795, 92
1650985452.109145, 90
1650985452.126357, 90
1650985452.143724, 90
1650985452.160571, 91
1650985452.178305, 91
1650985452.195462, 91
1650985452.213347, 90
1650985452.232302, 89
1650985452.253864, 87
1650985452.271446, 89
1650985452.292183, 90
1650985452.311311, 89
1650985452.329002, 89
1650985452.349189, 89
1650985452.366620, 91
1650985452.382088, 91
1650985452.398420, 91
1650985452.413882, 90
1650985452.430574, 91
1650985452.446282, 91
1650985452.462953, 91
1650985452.480589, 90
1650985452.496435, 91
1650985452.512799, 91
1650985452.529295, 92
1650985452.546368, 90
1650985452.563048, 90
1650985452.579834, 90
1650985452.596435, 88
1650985452.612708, 89
1650985452.632370, 90
1650985452.648644, 90
1650985452.665723, 90
1650985452.685819, 91
1650985452.703727, 92
1650985452.720609, 91
1650985452.737192, 91
1650985452.752961, 90
1650985452.769446, 91
1650985452.786634, 91
1650985452.804244, 92
1650985452.819642, 92
1650985452.839096, 93
1650985452.856547, 91
1650985452.877104, 92
1650985452.896330, 92
1650985452.914083, 91
1650985452.932572, 91
1650985452.949882, 90
1650985452.965227, 91
1650985452.982200, 93
1650985452.999295, 91
1650985453.018690, 90
1650985453.034982, 92
1650985453.052173, 93
1650985453.068483, 92
1650985453.083889, 92
1650985453.100218, 92
1650985453.117774, 93
1650985453.133824, 92
1650985453.150497, 92
1650985453.166864, 92
1650985453.183556, 92
1650985453.203558, 92
1650985453.220776, 93
1650985453.237968, 92
1650985453.254027, 91
1650985453.272101, 91
1650985453.290090, 92
1650985453.308802, 92
1650985453.324632, 93
1650985453.347064, 90
1650985453.364629, 93
1650985453.384078, 93
1650985453.404727, 93
1650985453.422132, 93
1650985453.438711, 94
1650985453.455354, 93
1650985453.471241, 93
1650985453.491058, 93
1650985453.510088, 93
1650985453.529218, 93
1650985453.545694, 93
1650985453.564606, 94
1650985453.581557, 92
1650985453.601900, 93
1650985453.620828, 94
1650985453.637651, 92
1650985453.656321, 92
1650985453.673616, 93
1650985453.692321, 94
1650985453.711513, 91
1650985453.728030, 94
1650985453.746593, 94
1650985453.768617, 93
1650985453.784830, 94
1650985453.806419, 94
1650985453.824777, 94
1650985453.841436, 95
1650985453.858844, 94
1650985453.881152, 95
1650985453.898344, 94
1650985453.916852, 94
1650985453.933196, 94
1650985453.948995, 95
1650985453.966516, 93
1650985453.982608, 92
1650985453.998836, 94
1650985454.015752, 93
1650985454.032003, 94
1650985454.047622, 93
1650985454.063702, 95
1650985454.084574, 94
1650985454.101854, 94
1650985454.121075, 96
1650985454.141098, 93
1650985454.159157, 95
1650985454.176355, 94
1650985454.192572, 95
1650985454.208449, 95
1650985454.225756, 94
1650985454.247275, 95
1650985454.267692, 94
1650985454.286187, 95
1650985454.302715, 95
1650985454.320028, 96
1650985454.336876, 94
1650985454.354250, 93
1650985454.370429, 94
1650985454.386057, 95
1650985454.403018, 94
1650985454.421243, 93
1650985454.443420, 94
1650985454.458756, 95
1650985454.475641, 95
1650985454.493632, 95
1650985454.513339, 96
1650985454.530200, 95
1650985454.545830, 95
1650985454.562133, 96
1650985454.578211, 96
1650985454.594582, 97
1650985454.611518, 95
1650985454.627840, 95
1650985454.644699, 96
1650985454.661473, 95
1650985454.678167, 94
1650985454.693968, 95
1650985454.709715, 94
1650985454.724965, 95
1650985454.741416, 94
1650985454.758017, 95
1650985454.774695, 96
1650985454.793120, 94
1650985454.808564, 96
1650985454.826457, 96
1650985454.845008, 97
1650985454.862557, 97
1650985454.878624, 95
1650985454.896345, 96
1650985454.912682, 97
1650985454.932250, 96
1650985454.949869, 96
1650985454.968668, 96
1650985454.985052, 96
1650985455.001250, 97
1650985455.019549, 96
1650985455.036734, 96
1650985455.053653, 95
1650985455.073117, 95
1650985455.089601, 96
1650985455.106601, 95
1650985455.124545, 95
1650985455.142494, 96
1650985455.159130, 97
1650985455.176997, 97
1650985455.195682, 97
1650985455.212759, 97
1650985455.235275, 97
1650985455.253536, 95
1650985455.272723, 97
1650985455.289069, 97
1650985455.306990, 98
1650985455.325669, 97
1650985455.345857, 97
1650985455.362249, 98
1650985455.381957, 97
1650985455.399098, 97
1650985455.416191, 96
1650985455.434927, 96
1650985455.452292, 96
1650985455.468388, 96
1650985455.484238, 96
1650985455.499393, 96
1650985455.515484, 96
1650985455.534894, 98
1650985455.550914, 97
1650985455.567350, 98
1650985455.583228, 97
1650985455.598640, 99
1650985455.617373, 96
1650985455.633253, 97
1650985455.649962, 98
1650985455.665348, 98
1650985455.682386, 97
1650985455.697891, 96
1650985455.713166, 98
1650985455.729930, 98
1650985455.748460, 98
1650985455.765456, 96
1650985455.782826, 97
1650985455.800824, 97
1650985455.817100, 98
1650985455.834628, 96
1650985455.851075, 97
1650985455.868779, 97
1650985455.887864, 97
1650985455.904741, 98
1650985455.920838, 99
1650985455.938836, 98
1650985455.954891, 98
1650985455.971730, 98
1650985455.989247, 98
1650985456.006893, 98
1650985456.024166, 98
1650985456.046605, 98
1650985456.062467, 98
1650985456.083143, 99
1650985456.100881, 99
1650985456.117193, 97
1650985456.133628, 97
1650985456.149998, 98
1650985456.166097, 98
1650985456.182457, 97
1650985456.198022, 97
1650985456.214716, 97
1650985456.230795, 98
1650985456.248081, 97
1650985456.266645, 99
1650985456.282394, 98
1650985456.301378, 99
1650985456.316265, 99
1650985456.332755, 99
1650985456.350701, 100
1650985456.368266, 98
1650985456.384144, 99
1650985456.400982, 99
1650985456.421202, 98
1650985456.440451, 98
1650985456.456706, 99
1650985456.473275, 97
1650985456.489693, 97
1650985456.506013, 97
1650985456.522851, 98
1650985456.540671, 99
1650985456.558961, 98
1650985456.576519, 97
1650985456.592726, 99
1650985456.609628, 98
1650985456.627512, 98
1650985456.644998, 100
1650985456.662977, 99
1650985456.680386, 98
1650985456.698560, 97
1650985456.719711, 96
1650985456.736404, 95
1650985456.752854, 94
1650985456.771801, 94
1650985456.789154, 94
1650985456.806482, 93
1650985456.831656, 91
1650985456.847794, 90
1650985456.864308, 90
1650985456.881487, 88
1650985456.901716, 86
1650985456.920360, 88
1650985456.940236, 84
1650985456.958584, 79
1650985456.980561, 73
1650985457.003482, 67
1650985457.023642, 61
1650985457.044047, 52
1650985457.064712, 49
1650985457.081155, 46
1650985457.101172, 44
1650985457.118255, 46
1650985457.139811, 47
1650985457.157757, 45
1650985457.173546, 46
1650985457.188937, 47
1650985457.205127, 46
1650985457.221721, 48
1650985457.237840, 47
1650985457.253826, 48
1650985457.270291, 48
1650985457.286924, 47
1650985457.303522, 48
1650985457.322922, 46
1650985457.338627, 47
1650985457.355043, 47
1650985457.372574, 47
1650985457.389032, 47
1650985457.405040, 48
1650985457.420596, 46
1650985457.435865, 47
1650985457.455857, 48
1650985457.473698, 48
1650985457.488840, 49
1650985457.504896, 48
1650985457.520622, 49
1650985457.535813, 48
1650985457.552668, 49
1650985457.569246, 47
1650985457.586629, 47
1650985457.602636, 48
1650985457.618467, 48
1650985457.634816, 48
1650985457.652639, 48
1650985457.670702, 48
1650985457.688817, 49
1650985457.705297, 49
1650985457.722737, 48
1650985457.743191, 49
1650985457.763321, 50
1650985457.779363, 48
1650985457.795334, 49
1650985457.812612, 49
1650985457.827768, 48
1650985457.845807, 49
1650985457.861345, 50
1650985457.877273, 50
1650985457.894002, 50
1650985457.908813, 50
1650985457.925323, 50
1650985457.941644, 50
1650985457.957606, 48
1650985457.973838, 49
1650985457.989397, 51
1650985458.007872, 51
1650985458.024435, 50
1650985458.041428, 52
1650985458.057834, 50
1650985458.075583, 49
1650985458.095853, 51
1650985458.112775, 49
1650985458.128567, 48
1650985458.144258, 51
1650985458.160416, 50
1650985458.177396, 52
1650985458.194642, 51
1650985458.212323, 51
1650985458.228667, 51
1650985458.245271, 51
1650985458.261931, 52
1650985458.278221, 52
1650985458.293688, 50
1650985458.313748, 50
1650985458.334080, 52
1650985458.356753, 51
1650985458.373785, 51
1650985458.390586, 50
1650985458.407079, 51
1650985458.429133, 51
1650985458.446981, 52
1650985458.465037, 52
1650985458.483274, 51
1650985458.500724, 52
1650985458.518466, 53
1650985458.536037, 52
1650985458.552870, 51
1650985458.570173, 52
1650985458.586301, 51
1650985458.602025, 51
1650985458.618069, 52
1650985458.635566, 51
1650985458.653075, 51
1650985458.674492, 51
1650985458.691578, 53
1650985458.711624, 53
1650985458.728355, 52
1650985458.744983, 54
1650985458.760522, 53
1650985458.777122, 53
1650985458.795238, 51
1650985458.811491, 52
1650985458.833071, 51
1650985458.850046, 52
1650985458.867322, 51
1650985458.883766, 53
1650985458.904461, 52
1650985458.921481, 53
1650985458.940171, 54
1650985458.957064, 54
1650985458.976304, 53
1650985458.992168, 55
1650985459.007734, 53
1650985459.022967, 55
1650985459.039567, 55
1650985459.056377, 54
1650985459.078520, 54
1650985459.096020, 53
1650985459.112850, 54
1650985459.135984, 52
1650985459.153829, 53
1650985459.173441, 55
1650985459.190372, 56
1650985459.208612, 54
1650985459.231054, 55
1650985459.248345, 54
1650985459.267832, 54
1650985459.284660, 55
1650985459.306735, 53
1650985459.323866, 54
1650985459.340302, 55
1650985459.356300, 54
1650985459.372908, 54
1650985459.390546, 54
1650985459.408479, 54
1650985459.427263, 55
1650985459.444035, 56
1650985459.466800, 56
1650985459.484267, 55
1650985459.504888, 56
1650985459.520232, 56
1650985459.539171, 55
1650985459.555373, 56
1650985459.574486, 55
1650985459.594197, 54
1650985459.615975, 55
1650985459.635928, 55
1650985459.654278, 54
1650985459.673508, 55
1650985459.695704, 56
1650985459.714755, 56
1650985459.733289, 56
1650985459.751658, 56
1650985459.769517, 56
1650985459.786359, 58
1650985459.805256, 56
1650985459.821629, 55
1650985459.838663, 56
1650985459.856397, 56
1650985459.873276, 55
1650985459.892791, 56
1650985459.908748, 56
1650985459.924443, 56
1650985459.940546, 56
1650985459.956982, 57
1650985459.974845, 58
1650985459.991482, 57
1650985460.012395, 57
1650985460.029284, 57
1650985460.049798, 57
1650985460.069426, 58
1650985460.089335, 56
1650985460.105860, 56
1650985460.121175, 56
1650985460.137170, 57
1650985460.155773, 56
1650985460.171388, 57
1650985460.187178, 57
1650985460.204623, 57
1650985460.222714, 58
1650985460.239177, 60
1650985460.257552, 60
1650985460.274643, 58
1650985460.291004, 58
1650985460.308549, 59
1650985460.330556, 59
1650985460.346965, 60
1650985460.363534, 57
1650985460.379796, 57
1650985460.395452, 57
1650985460.410907, 57
1650985460.426422, 58
1650985460.441759, 58
1650985460.459619, 59
1650985460.476361, 59
1650985460.493227, 58
1650985460.509660, 59
1650985460.527770, 59
1650985460.544234, 60
1650985460.562057, 60
1650985460.579004, 59
1650985460.596266, 58
1650985460.613131, 58
1650985460.628375, 59
1650985460.644576, 57
1650985460.662914, 58
1650985460.681857, 58
1650985460.698476, 59
1650985460.714672, 59
1650985460.733762, 59
1650985460.752847, 59
1650985460.768990, 60
1650985460.785796, 60
1650985460.801528, 60
1650985460.817849, 59
1650985460.840241, 60
1650985460.856903, 60
1650985460.875221, 60
1650985460.891970, 59
1650985460.910932, 58
1650985460.930188, 60
1650985460.947537, 59
1650985460.964945, 59
1650985460.982457, 58
1650985460.998698, 59
1650985461.021062, 62
1650985461.039216, 61
1650985461.056864, 60
1650985461.073854, 60
1650985461.092376, 60
1650985461.108948, 62
1650985461.125844, 61
1650985461.142534, 60
1650985461.159039, 58
1650985461.175676, 61
1650985461.192263, 59
1650985461.208664, 60
1650985461.224919, 61
1650985461.240630, 59
1650985461.256826, 59
1650985461.272734, 60
1650985461.292203, 62
1650985461.309364, 61
1650985461.331654, 59
1650985461.352296, 62
1650985461.370992, 62
1650985461.389136, 63
1650985461.409256, 62
1650985461.426961, 61
1650985461.443421, 60
1650985461.464337, 61
1650985461.484272, 60
1650985461.501351, 62
1650985461.519006, 62
1650985461.534834, 62
1650985461.552756, 61
1650985461.568106, 62
1650985461.586142, 62
1650985461.602071, 62
1650985461.620197, 62
1650985461.637253, 62
1650985461.652972, 62
1650985461.669006, 62
1650985461.684673, 64
1650985461.705879, 61
1650985461.722234, 61
1650985461.737681, 62
1650985461.754527, 62
1650985461.770196, 62
1650985461.785616, 63
1650985461.802967, 62
1650985461.821395, 62
1650985461.838290, 63
1650985461.853976, 63
1650985461.871491, 64
1650985461.888411, 63
1650985461.905375, 63
1650985461.921963, 63
1650985461.940816, 63
1650985461.956886, 64
1650985461.972214, 63
1650985461.990071, 62
1650985462.008485, 61
1650985462.025106, 63
1650985462.042068, 63
1650985462.057699, 63
1650985462.074322, 63
1650985462.091557, 63
1650985462.108385, 62
1650985462.125206, 63
1650985462.143668, 65
1650985462.160361, 62
1650985462.176808, 64
1650985462.192223, 63
1650985462.208999, 65
1650985462.225397, 65
1650985462.243246, 64
1650985462.260504, 64
1650985462.276917, 63
1650985462.293144, 63
1650985462.309080, 63
1650985462.325666, 63
1650985462.341355, 63
1650985462.357993, 63
1650985462.378326, 65
1650985462.401998, 65
1650985462.423307, 66
1650985462.439747, 64
1650985462.457164, 66
1650985462.476266, 66
1650985462.501441, 65
1650985462.519673, 66
1650985462.538341, 63
1650985462.555901, 65
1650985462.574044, 64
1650985462.590033, 63
1650985462.605656, 63
1650985462.620986, 61
1650985462.636391, 66
1650985462.652859, 65
1650985462.670618, 64
1650985462.689032, 65
1650985462.707565, 65
1650985462.726023, 65
1650985462.743585, 66
1650985462.762751, 66
1650985462.779242, 66
1650985462.802621, 67
1650985462.820590, 65
1650985462.840084, 66
1650985462.856168, 65
1650985462.873613, 65
1650985462.891562, 65
1650985462.908605, 64
1650985462.925610, 64
1650985462.942957, 65
1650985462.960024, 65
1650985462.977492, 66
1650985462.993603, 66
1650985463.011076, 65
1650985463.027581, 67
1650985463.043078, 67
1650985463.059468, 66
1650985463.076188, 66
1650985463.092836, 67
1650985463.114010, 68
1650985463.132874, 67
1650985463.151309, 66
1650985463.172445, 66
1650985463.188687, 65
1650985463.206417, 66
1650985463.222890, 67
1650985463.240754, 65
1650985463.259010, 66
1650985463.274145, 67
1650985463.292074, 67
1650985463.308906, 68
1650985463.325550, 67
1650985463.343676, 67
1650985463.360493, 67
1650985463.376700, 67
1650985463.393996, 68
1650985463.415546, 66
1650985463.432569, 66
1650985463.449964, 67
1650985463.465960, 67
1650985463.482854, 66
1650985463.502084, 67
1650985463.518164, 68
1650985463.533946, 66
1650985463.549875, 68
1650985463.564919, 68
1650985463.580631, 68
1650985463.595631, 68
1650985463.614625, 68
1650985463.630688, 69
1650985463.647756, 69
1650985463.664219, 68
1650985463.680338, 68
1650985463.697652, 68
1650985463.716129, 68
1650985463.736409, 67
1650985463.756792, 68
1650985463.773248, 68
1650985463.794887, 68
1650985463.814538, 68
1650985463.831540, 69
1650985463.850138, 68
1650985463.868382, 67
1650985463.885150, 68
1650985463.903825, 69
1650985463.923795, 68
1650985463.939979, 70
1650985463.959485, 69
1650985463.976102, 69
1650985463.992843, 69
1650985464.013617, 69
1650985464.034141, 68
1650985464.051145, 69
1650985464.070819, 67
1650985464.087116, 68
1650985464.103920, 69
1650985464.119612, 68
1650985464.135792, 70
1650985464.153160, 69
1650985464.169718, 69
1650985464.188327, 69
1650985464.209666, 70
1650985464.229301, 70
1650985464.247434, 70
1650985464.264961, 70
1650985464.284982, 70
1650985464.306624, 68
1650985464.328243, 70
1650985464.351368, 69
1650985464.370222, 69
1650985464.387165, 70
1650985464.403340, 69
1650985464.426105, 68
1650985464.442308, 71
1650985464.461069, 71
1650985464.477840, 70
1650985464.496119, 71
1650985464.515782, 70
1650985464.533198, 70
1650985464.549940, 71
1650985464.565975, 70
1650985464.581842, 72
1650985464.596946, 71
1650985464.612514, 70
1650985464.628123, 69
1650985464.647342, 70
1650985464.665442, 69
1650985464.683434, 70
1650985464.700237, 69
1650985464.717267, 69
1650985464.734697, 70
1650985464.755840, 72
1650985464.772569, 72
1650985464.792962, 71
1650985464.811610, 71
1650985464.829068, 72
1650985464.847872, 73
1650985464.865055, 72
1650985464.881769, 72
1650985464.898161, 71
1650985464.914741, 71
1650985464.934056, 71
1650985464.951784, 71
1650985464.970763, 71
1650985464.987626, 72
1650985465.003744, 72
1650985465.021075, 73
1650985465.038377, 73
1650985465.054939, 72
1650985465.076340, 72
1650985465.095364, 73
1650985465.113172, 72
1650985465.132870, 72
1650985465.149278, 72
1650985465.166455, 73
1650985465.183312, 73
1650985465.200820, 72
1650985465.217251, 72
1650985465.233272, 71
1650985465.248725, 71
1650985465.264231, 72
1650985465.284212, 72
1650985465.301894, 72
1650985465.318900, 71
1650985465.334871, 73
1650985465.353184, 72
1650985465.370628, 73
1650985465.387264, 73
1650985465.403815, 73
1650985465.420232, 73
1650985465.439894, 74
1650985465.456263, 74
1650985465.472659, 75
1650985465.489244, 73
1650985465.506638, 72
1650985465.522606, 75
1650985465.541586, 75
1650985465.561947, 75
1650985465.581160, 75
1650985465.598277, 74
1650985465.615146, 75
1650985465.634067, 75
1650985465.651027, 74
1650985465.667604, 75
1650985465.684426, 75
1650985465.701481, 74
1650985465.721899, 74
1650985465.739774, 74
1650985465.756973, 74
1650985465.775088, 73
1650985465.791496, 74
1650985465.808796, 73
1650985465.824907, 73
1650985465.840543, 74
1650985465.859411, 72
1650985465.876700, 73
1650985465.893356, 73
1650985465.911791, 74
1650985465.928480, 75
1650985465.943894, 73
1650985465.963230, 74
1650985465.980818, 74
1650985465.997950, 74
1650985466.015588, 75
1650985466.035027, 73
1650985466.053316, 76
1650985466.069990, 77
1650985466.088170, 75
1650985466.104742, 75
1650985466.120815, 75
1650985466.138711, 75
1650985466.156240, 75
1650985466.172332, 75
1650985466.188538, 76
1650985466.204260, 75
1650985466.221045, 76
1650985466.236652, 75
1650985466.260408, 75
1650985466.278337, 75
1650985466.294739, 75
1650985466.311730, 75
1650985466.327823, 75
1650985466.348509, 75
1650985466.364315, 76
1650985466.379986, 75
1650985466.397640, 76
1650985466.414558, 73
1650985466.434618, 73
1650985466.452679, 74
1650985466.468995, 75
1650985466.485453, 74
1650985466.503910, 76
1650985466.521958, 75
1650985466.539142, 76
1650985466.556433, 77
1650985466.576188, 76
1650985466.592154, 75
1650985466.608875, 76
1650985466.625549, 76
1650985466.645129, 75
1650985466.663027, 77
1650985466.681084, 76
1650985466.699311, 76
1650985466.718225, 75
1650985466.740464, 77
1650985466.758808, 75
1650985466.775573, 74
1650985466.791662, 76
1650985466.809406, 76
1650985466.827163, 75
1650985466.846418, 77
1650985466.864247, 77
1650985466.880835, 75
1650985466.898479, 76
1650985466.916407, 77
1650985466.936384, 77
1650985466.953531, 77
1650985466.971006, 77
1650985466.989018, 76
1650985467.008393, 79
1650985467.027450, 76
1650985467.043236, 76
1650985467.059083, 76
1650985467.075503, 77
1650985467.091519, 75
1650985467.106850, 76
1650985467.123154, 77
1650985467.141259, 77
1650985467.157254, 76
1650985467.174544, 79
1650985467.191305, 77
1650985467.208439, 77
1650985467.225161, 77
1650985467.243912, 76
1650985467.263627, 78
1650985467.288562, 79
1650985467.306503, 78
1650985467.324031, 78
1650985467.345392, 77
1650985467.364474, 77
1650985467.385632, 78
1650985467.401485, 77
1650985467.418578, 77
1650985467.436413, 77
1650985467.453660, 77
1650985467.470163, 78
1650985467.488605, 77
1650985467.508010, 78
1650985467.523430, 78
1650985467.540216, 79
1650985467.555662, 78
1650985467.572386, 79
1650985467.588863, 79
1650985467.605272, 79
1650985467.622128, 79
1650985467.638296, 79
1650985467.655094, 77
1650985467.671047, 78
1650985467.686313, 79
1650985467.702172, 77
1650985467.718320, 77
1650985467.733646, 79
1650985467.750890, 79
1650985467.768423, 77
1650985467.786601, 79
1650985467.802992, 80
1650985467.820616, 80
1650985467.838013, 80
1650985467.858057, 79
1650985467.878902, 79
1650985467.896200, 79
1650985467.916040, 78
1650985467.933418, 77
1650985467.951148, 80
1650985467.968726, 80
1650985467.985175, 79
1650985468.000559, 79
1650985468.019268, 77
1650985468.035317, 79
1650985468.052825, 77
1650985468.072589, 78
1650985468.091163, 79
1650985468.111483, 80
1650985468.132144, 78
1650985468.151131, 81
1650985468.170100, 78
1650985468.191668, 81
1650985468.207640, 80
1650985468.223327, 80
1650985468.239476, 80
1650985468.255779, 79
1650985468.272724, 80
1650985468.290744, 80
1650985468.308504, 78
1650985468.329339, 78
1650985468.347027, 78
1650985468.369794, 79
1650985468.387439, 79
1650985468.403739, 80
1650985468.421558, 81
1650985468.437539, 81
1650985468.453818, 82
1650985468.471354, 80
1650985468.488000, 81
1650985468.503783, 81
1650985468.519353, 80
1650985468.541931, 81
1650985468.557734, 81
1650985468.574789, 80
1650985468.593300, 80
1650985468.608949, 81
1650985468.624930, 79
1650985468.640561, 81
1650985468.656545, 81
1650985468.673214, 81
1650985468.689130, 80
1650985468.705454, 80
1650985468.728484, 78
1650985468.745301, 81
1650985468.762665, 81
1650985468.778355, 81
1650985468.796981, 82
1650985468.813816, 82
1650985468.829137, 82
1650985468.844292, 82
1650985468.862267, 81
1650985468.880413, 82
1650985468.898753, 81
1650985468.915549, 82
1650985468.933203, 82
1650985468.950409, 81
1650985468.968358, 80
1650985468.985190, 81
1650985469.004314, 82
1650985469.022380, 80
1650985469.038814, 81
1650985469.055563, 82
1650985469.073623, 82
1650985469.089701, 82
1650985469.105166, 83
1650985469.123594, 81
1650985469.141856, 83
1650985469.161674, 82
1650985469.180180, 82
1650985469.202238, 83
1650985469.218011, 81
1650985469.236392, 83
1650985469.252259, 83
1650985469.267522, 82
1650985469.286966, 82
1650985469.306953, 82
1650985469.324713, 82
1650985469.343501, 83
1650985469.360766, 82
1650985469.376493, 83
1650985469.393046, 82
1650985469.411721, 82
1650985469.434164, 85
1650985469.452172, 83
1650985469.470174, 83
1650985469.489250, 83
1650985469.505246, 83
1650985469.522221, 82
1650985469.538553, 83
1650985469.556411, 84
1650985469.572225, 84
1650985469.590004, 83
1650985469.605609, 81
1650985469.622067, 84
1650985469.639626, 82
1650985469.657546, 83
1650985469.675645, 85
1650985469.694180, 83
1650985469.713935, 85
1650985469.730128, 85
1650985469.746564, 85
1650985469.764401, 84
1650985469.782757, 85
1650985469.800783, 85
1650985469.821584, 82
1650985469.840223, 85
1650985469.857023, 85
1650985469.872897, 83
1650985469.889655, 83
1650985469.911053, 84
1650985469.928957, 85
1650985469.948175, 83
1650985469.965864, 84
1650985469.983471, 82
1650985469.999298, 84
1650985470.014801, 82
1650985470.030424, 83
1650985470.046304, 82
1650985470.063420, 84
1650985470.083944, 83
1650985470.101331, 83
1650985470.118450, 83
1650985470.134730, 85
1650985470.152046, 84
1650985470.168850, 85
1650985470.185628, 85
1650985470.201073, 84
1650985470.218318, 85
1650985470.235846, 85
1650985470.253784, 85
1650985470.270316, 83
1650985470.287497, 84
1650985470.303166, 85
1650985470.321227, 84
1650985470.337806, 84
1650985470.353241, 85
1650985470.372760, 82
1650985470.393355, 85
1650985470.410049, 85
1650985470.427947, 85
1650985470.445341, 86
1650985470.462722, 85
1650985470.487612, 85
1650985470.505366, 85
1650985470.521840, 85
1650985470.540113, 86
1650985470.557283, 85
1650985470.573201, 86
1650985470.588453, 85
1650985470.610525, 83
1650985470.627933, 85
1650985470.644920, 83
1650985470.660588, 84
1650985470.675918, 86
1650985470.692101, 86
1650985470.708591, 85
1650985470.724253, 86
1650985470.739608, 87
1650985470.755202, 86
1650985470.771554, 86
1650985470.788405, 86
1650985470.807789, 87
1650985470.824512, 85
1650985470.841628, 87
1650985470.860585, 86
1650985470.878818, 87
1650985470.895536, 86
1650985470.912538, 85
1650985470.930918, 82
1650985470.949333, 85
1650985470.966794, 85
1650985470.983769, 84
1650985471.000703, 85
1650985471.020024, 85
1650985471.037276, 87
1650985471.057027, 87
1650985471.078088, 87
1650985471.096521, 86
1650985471.112606, 87
1650985471.129260, 87
1650985471.144963, 87
1650985471.161941, 86
1650985471.178223, 88
1650985471.194534, 87
1650985471.211378, 86
1650985471.232259, 87
1650985471.249002, 87
1650985471.265295, 86
1650985471.283523, 86
1650985471.300786, 85
1650985471.318417, 86
1650985471.336209, 87
1650985471.352096, 85
1650985471.367583, 87
1650985471.383702, 85
1650985471.399798, 86
1650985471.418421, 87
1650985471.436471, 87
1650985471.453752, 86
1650985471.473319, 88
1650985471.491547, 86
1650985471.509686, 89
1650985471.525308, 89
1650985471.542320, 89
1650985471.561151, 86
1650985471.577169, 89
1650985471.596319, 89
1650985471.612247, 88
1650985471.628941, 88
1650985471.644837, 87
1650985471.664302, 88
1650985471.681551, 88
1650985471.699106, 88
1650985471.715969, 88
1650985471.732654, 90
1650985471.749738, 89
1650985471.767387, 89
1650985471.783524, 88
1650985471.799493, 88
1650985471.814821, 89
1650985471.830326, 87
1650985471.845895, 89
1650985471.862331, 88
1650985471.878935, 87
1650985471.902088, 89
1650985471.919681, 87
1650985471.937770, 90
1650985471.955533, 87
1650985471.973867, 88
1650985471.997047, 88
1650985472.013504, 88
1650985472.034615, 87
1650985472.051194, 88
1650985472.069487, 89
1650985472.086774, 89
1650985472.104670, 88
1650985472.121283, 88
1650985472.139024, 90
1650985472.158889, 89
1650985472.180970, 88
1650985472.197706, 89
1650985472.215170, 89
1650985472.231640, 89
1650985472.248524, 90
1650985472.264660, 89
1650985472.280738, 88
1650985472.297251, 88
1650985472.312776, 88
1650985472.329986, 88
1650985472.346112, 89
1650985472.362664, 88
1650985472.379010, 89
1650985472.397070, 89
1650985472.412838, 90
1650985472.431831, 89
1650985472.447443, 90
1650985472.464294, 90
1650985472.480695, 91
1650985472.498584, 90
1650985472.515212, 89
1650985472.532055, 89
1650985472.548600, 90
1650985472.565847, 89
1650985472.581683, 89
1650985472.598059, 90
1650985472.615530, 91
1650985472.635033, 89
1650985472.654379, 88
1650985472.672493, 90
1650985472.688763, 89
1650985472.707823, 89
1650985472.724970, 91
1650985472.743509, 88
1650985472.758832, 90
1650985472.776075, 90
1650985472.794137, 91
1650985472.813023, 90
1650985472.829794, 90
1650985472.845995, 90
1650985472.864452, 89
1650985472.880152, 91
1650985472.896716, 90
1650985472.912821, 90
1650985472.928343, 92
1650985472.944261, 90
1650985472.959770, 90
1650985472.975810, 89
1650985472.992725, 91
1650985473.012178, 90
1650985473.028372, 90
1650985473.045874, 91
1650985473.063672, 90
1650985473.082660, 90
1650985473.100852, 91
1650985473.118639, 91
1650985473.136165, 91
1650985473.152088, 92
1650985473.169523, 90
1650985473.185764, 92
1650985473.203053, 92
1650985473.222438, 91
1650985473.238741, 91
1650985473.256770, 90
1650985473.273408, 91
1650985473.290288, 92
1650985473.307432, 90
1650985473.324653, 90
1650985473.342186, 91
1650985473.359631, 90
1650985473.375860, 91
1650985473.394917, 91
1650985473.416222, 90
1650985473.437674, 91
1650985473.456479, 92
1650985473.474689, 91
1650985473.491713, 92
1650985473.508267, 93
1650985473.526479, 91
1650985473.545103, 93
1650985473.561240, 91
1650985473.578151, 92
1650985473.593948, 92
1650985473.611349, 92
1650985473.627912, 92
1650985473.645682, 93
1650985473.662935, 92
1650985473.679331, 92
1650985473.695055, 91
1650985473.711481, 91
1650985473.726186, 91
1650985473.742695, 91
1650985473.760580, 92
1650985473.777429, 91
1650985473.795199, 92
1650985473.811430, 92
1650985473.829095, 94
1650985473.846753, 93
1650985473.863196, 94
1650985473.880220, 93
1650985473.896729, 93
1650985473.913610, 92
1650985473.930915, 93
1650985473.952152, 94
1650985473.971123, 91
1650985473.987323, 93
1650985474.002665, 93
1650985474.018417, 92
1650985474.035812, 92
1650985474.054965, 92
1650985474.074054, 93
1650985474.091265, 92
1650985474.108407, 91
1650985474.124761, 91
1650985474.140701, 93
1650985474.156489, 93
1650985474.172243, 93
1650985474.187114, 94
1650985474.204481, 92
1650985474.221761, 94
1650985474.239267, 93
1650985474.255809, 93
1650985474.272317, 94
1650985474.289246, 94
1650985474.326532, 94
1650985474.346905, 95
1650985474.363934, 94
1650985474.381323, 93
1650985474.399344, 95
1650985474.416766, 94
1650985474.433496, 93
1650985474.451105, 93
1650985474.470167, 92
1650985474.490995, 94
1650985474.508720, 95
1650985474.527176, 94
1650985474.544426, 94
1650985474.561433, 96
1650985474.578811, 96
1650985474.596724, 95
1650985474.613189, 96
1650985474.629975, 97
1650985474.648182, 97
1650985474.664670, 95
1650985474.684168, 95
1650985474.699607, 95
1650985474.716220, 94
1650985474.734063, 93
1650985474.750706, 94
1650985474.769887, 94
1650985474.787110, 94
1650985474.804966, 92
1650985474.821247, 95
1650985474.838908, 93
1650985474.855647, 94
1650985474.873225, 95
1650985474.890422, 95
1650985474.910601, 95
1650985474.928756, 95
1650985474.945806, 95
1650985474.973037, 96
1650985474.989929, 95
1650985475.008682, 94
1650985475.025161, 95
1650985475.040778, 95
1650985475.057923, 95
1650985475.076477, 95
1650985475.091963, 95
1650985475.110398, 92
1650985475.125946, 94
1650985475.142450, 94
1650985475.157894, 96
1650985475.172721, 95
1650985475.188748, 95
1650985475.206048, 96
1650985475.222648, 96
1650985475.239463, 95
1650985475.255833, 96
1650985475.271539, 96
1650985475.287416, 96
1650985475.304150, 95
1650985475.319273, 97
1650985475.339327, 94
1650985475.356344, 95
1650985475.374042, 95
1650985475.389485, 96
1650985475.406258, 96
1650985475.422794, 96
1650985475.440129, 97
1650985475.458155, 95
1650985475.475211, 95
1650985475.491636, 96
1650985475.508959, 94
1650985475.526990, 94
1650985475.544508, 96
1650985475.560658, 96
1650985475.576355, 97
1650985475.594708, 96
1650985475.610684, 97
1650985475.628942, 96
1650985475.644670, 97
1650985475.660231, 97
1650985475.676303, 96
1650985475.692609, 96
1650985475.709366, 97
1650985475.726310, 96
1650985475.743627, 96
1650985475.760849, 96
1650985475.779880, 96
1650985475.796457, 95
1650985475.815187, 96
1650985475.830151, 97
1650985475.846929, 96
1650985475.864115, 97
1650985475.880492, 97
1650985475.898264, 97
1650985475.917352, 96
1650985475.938172, 98
1650985475.955985, 96
1650985475.972550, 97
1650985475.990348, 97
1650985476.008147, 98
1650985476.028623, 97
1650985476.044583, 97
1650985476.061098, 96
1650985476.077252, 98
1650985476.093444, 97
1650985476.112858, 97
1650985476.129782, 98
1650985476.145490, 97
1650985476.162186, 98
1650985476.178070, 97
1650985476.197021, 95
1650985476.214899, 96
1650985476.233338, 96
1650985476.256473, 95
1650985476.273113, 99
1650985476.290195, 97
1650985476.310533, 98
1650985476.329131, 99
1650985476.345076, 99
1650985476.361704, 100
1650985476.377748, 98
1650985476.393434, 98
1650985476.410703, 99
1650985476.427332, 98
1650985476.444596, 99
1650985476.461114, 97
1650985476.476402, 98
1650985476.492493, 98
1650985476.508232, 97
1650985476.524402, 97
1650985476.540667, 97
1650985476.559772, 96
1650985476.579007, 96
1650985476.595857, 97
1650985476.614558, 96
1650985476.632289, 96
1650985476.650331, 96
1650985476.668567, 97
1650985476.686044, 97
1650985476.702908, 98
1650985476.723725, 95
1650985476.740965, 96
1650985476.757244, 96
1650985476.774312, 96
1650985476.789914, 95
1650985476.809017, 95
1650985476.825201, 95
1650985476.842306, 94
1650985476.858200, 94
1650985476.875492, 85
1650985476.892225, 81
1650985476.907881, 75
1650985476.924168, 68
1650985476.946180, 62
1650985476.962155, 57
1650985476.979188, 49
1650985476.996023, 46
1650985477.013320, 46
1650985477.028769, 46
1650985477.045599, 46
1650985477.066912, 47
1650985477.084348, 47
1650985477.103728, 47
1650985477.120240, 45
1650985477.138207, 45
1650985477.157088, 46
1650985477.173583, 45
1650985477.190032, 47
1650985477.205491, 46
1650985477.221932, 46
1650985477.242231, 47
1650985477.258175, 47
1650985477.275013, 47
1650985477.291775, 47
1650985477.311610, 48
1650985477.329936, 47
1650985477.348548, 47
1650985477.364541, 46
1650985477.380431, 46
1650985477.396211, 47
1650985477.412175, 48
1650985477.427121, 47
1650985477.447692, 47
1650985477.463582, 47
1650985477.479427, 49
1650985477.495638, 49
1650985477.512061, 47
1650985477.529233, 47
1650985477.545763, 48
1650985477.562793, 48
1650985477.578509, 49
1650985477.594467, 48
1650985477.610729, 48
1650985477.626752, 49
1650985477.644919, 48
1650985477.661221, 48
1650985477.678746, 49
1650985477.694278, 48
1650985477.712191, 50
1650985477.728630, 50
1650985477.743994, 48
1650985477.764033, 49
1650985477.783793, 49
1650985477.799979, 50
1650985477.816664, 50
1650985477.832640, 50
1650985477.851333, 50
1650985477.869065, 48
1650985477.885124, 48
1650985477.902305, 49
1650985477.919284, 48
1650985477.936177, 49
1650985477.952776, 48
1650985477.969610, 50
1650985477.986203, 50
1650985478.002465, 50
1650985478.018466, 50
1650985478.035112, 49
1650985478.052834, 50
1650985478.068626, 50
1650985478.084388, 50
1650985478.100329, 49
1650985478.115668, 49
1650985478.131587, 49
1650985478.149877, 49
1650985478.168172, 50
1650985478.185115, 50
1650985478.201986, 49
1650985478.220632, 51
1650985478.238274, 51
1650985478.260269, 52
1650985478.279440, 51
1650985478.298503, 51
1650985478.316428, 49
1650985478.334712, 50
1650985478.355760, 50
1650985478.372927, 50
1650985478.388934, 49
1650985478.405116, 51
1650985478.420827, 50
1650985478.436425, 49
1650985478.454638, 52
1650985478.472746, 51
1650985478.493854, 51
1650985478.511651, 52
1650985478.536448, 53
1650985478.557373, 53
1650985478.578222, 50
1650985478.597031, 50
1650985478.616073, 52
1650985478.635360, 52
1650985478.652852, 52
1650985478.670080, 52
1650985478.686162, 53
1650985478.703539, 52
1650985478.720511, 52
1650985478.736958, 53
1650985478.755531, 53
1650985478.774349, 54
1650985478.792167, 53
1650985478.808656, 52
1650985478.825438, 54
1650985478.841776, 52
1650985478.858493, 53
1650985478.874811, 51
1650985478.890402, 52
1650985478.906332, 53
1650985478.922361, 52
1650985478.938042, 53
1650985478.956249, 55
1650985478.974188, 53
1650985478.992705, 53
1650985479.008795, 53
1650985479.024773, 54
1650985479.040329, 53
1650985479.057507, 53
1650985479.074490, 54
1650985479.093803, 53
1650985479.111271, 54
1650985479.127710, 53
1650985479.144997, 53
1650985479.160750, 54
1650985479.176438, 54
1650985479.192493, 53
1650985479.208200, 54
1650985479.224800, 54
1650985479.240310, 55
1650985479.255748, 55
1650985479.271967, 54
1650985479.287564, 55
1650985479.304355, 54
1650985479.321393, 55
1650985479.338253, 55
1650985479.355009, 55
1650985479.371563, 54
1650985479.387937, 54
1650985479.404184, 54
1650985479.421319, 54
1650985479.437949, 54
1650985479.455466, 55
1650985479.471117, 55
1650985479.487215, 55
1650985479.506193, 56
1650985479.523155, 56
1650985479.538995, 56
1650985479.556296, 55
1650985479.572297, 56
1650985479.588248, 55
1650985479.604893, 55
1650985479.621680, 55
1650985479.637961, 55
1650985479.654418, 55
1650985479.671100, 55
1650985479.686705, 56
1650985479.702260, 56
1650985479.722792, 57
1650985479.740684, 56
1650985479.757295, 55
1650985479.773226, 57
1650985479.788777, 56
1650985479.805525, 57
1650985479.821723, 55
1650985479.838316, 56
1650985479.854816, 55
1650985479.871617, 56
1650985479.888110, 56
1650985479.903602, 56
1650985479.922212, 56
1650985479.938363, 56
1650985479.955583, 55
1650985479.972469, 57
1650985479.988583, 58
1650985480.006330, 57
1650985480.025348, 57
1650985480.043524, 57
1650985480.061415, 57
1650985480.079075, 57
1650985480.095317, 58
1650985480.111919, 58
1650985480.128868, 57
1650985480.147090, 56
1650985480.165169, 58
1650985480.184231, 56
1650985480.201603, 56
1650985480.219984, 57
1650985480.238702, 56
1650985480.256196, 59
1650985480.273184, 58
1650985480.290678, 59
1650985480.308302, 57
1650985480.328236, 59
1650985480.343469, 57
1650985480.361635, 58
1650985480.378796, 57
1650985480.396012, 57
1650985480.412613, 58
1650985480.429589, 57
1650985480.445774, 58
1650985480.463167, 58
1650985480.480712, 56
1650985480.497335, 59
1650985480.513123, 59
1650985480.531198, 59
1650985480.549965, 60
1650985480.566057, 59
1650985480.582493, 59
1650985480.599573, 59
1650985480.617147, 59
1650985480.636884, 57
1650985480.655247, 58
1650985480.671692, 58
1650985480.690444, 59
1650985480.713222, 59
1650985480.730950, 59
1650985480.750979, 59
1650985480.769541, 61
1650985480.788588, 60
1650985480.807435, 59
1650985480.824034, 61
1650985480.841335, 61
1650985480.861621, 59
1650985480.880527, 61
1650985480.901476, 60
1650985480.920676, 59
1650985480.940219, 60
1650985480.955895, 60
1650985480.978372, 60
1650985480.994173, 60
1650985481.010593, 59
1650985481.027164, 61
1650985481.046195, 62
1650985481.063151, 62
1650985481.080293, 62
1650985481.096760, 62
1650985481.113158, 62
1650985481.130537, 62
1650985481.147118, 61
1650985481.163595, 63
1650985481.179368, 61
1650985481.195367, 59
1650985481.214948, 59
1650985481.231970, 60
1650985481.251122, 58
1650985481.268465, 60
1650985481.284585, 61
1650985481.300497, 62
1650985481.320255, 61
1650985481.340244, 60
1650985481.356653, 61
1650985481.373588, 61
1650985481.390846, 62
1650985481.407803, 61
1650985481.424525, 61
1650985481.442333, 60
1650985481.458898, 60
1650985481.476527, 60
1650985481.494884, 62
1650985481.511674, 61
1650985481.530752, 62
1650985481.548281, 60
1650985481.563877, 62
1650985481.582035, 62
1650985481.599584, 62
1650985481.616350, 63
1650985481.635854, 62
1650985481.656205, 61
1650985481.672969, 61
1650985481.689526, 62
1650985481.707266, 62
1650985481.724759, 62
1650985481.743396, 60
1650985481.760763, 62
1650985481.777340, 61
1650985481.793435, 62
1650985481.809548, 62
1650985481.826985, 61
1650985481.844238, 63
1650985481.866222, 64
1650985481.883190, 63
1650985481.900113, 64
1650985481.917274, 63
1650985481.933956, 63
1650985481.952022, 64
1650985481.968592, 63
1650985481.986642, 63
1650985482.005901, 62
1650985482.024647, 62
1650985482.042043, 62
1650985482.059489, 61
1650985482.076495, 63
1650985482.092256, 64
1650985482.108243, 63
1650985482.128539, 65
1650985482.145257, 64
1650985482.161344, 65
1650985482.183010, 64
1650985482.201230, 65
1650985482.216921, 64
1650985482.232873, 64
1650985482.248627, 64
1650985482.266541, 63
1650985482.284192, 63
1650985482.300927, 64
1650985482.318699, 64
1650985482.337593, 63
1650985482.354715, 63
1650985482.374560, 63
1650985482.389998, 63
1650985482.410737, 66
1650985482.429321, 65
1650985482.445546, 64
1650985482.462975, 64
1650985482.484037, 64
1650985482.501756, 64
1650985482.520280, 64
1650985482.540757, 65
1650985482.557298, 63
1650985482.573663, 64
1650985482.591681, 64
1650985482.609892, 63
1650985482.626801, 65
1650985482.645096, 64
1650985482.662046, 64
1650985482.680255, 62
1650985482.695480, 65
1650985482.711290, 65
1650985482.727227, 64
1650985482.741838, 66
1650985482.757752, 66
1650985482.773743, 66
1650985482.789986, 65
1650985482.805460, 67
1650985482.821939, 67
1650985482.837098, 64
1650985482.858512, 66
1650985482.875074, 65
1650985482.893554, 64
1650985482.911231, 65
1650985482.930892, 65
1650985482.950728, 64
1650985482.968649, 67
1650985482.988291, 67
1650985483.005947, 66
1650985483.025074, 64
1650985483.040760, 66
1650985483.055429, 66
1650985483.072303, 66
1650985483.088240, 66
1650985483.106111, 66
1650985483.124511, 67
1650985483.142639, 67
1650985483.160623, 65
1650985483.185683, 66
1650985483.204321, 67
1650985483.220615, 66
1650985483.236684, 66
1650985483.252814, 65
1650985483.270207, 67
1650985483.289593, 66
1650985483.307129, 66
1650985483.323406, 68
1650985483.339917, 66
1650985483.355360, 68
1650985483.372760, 68
1650985483.391199, 66
1650985483.407710, 68
1650985483.427557, 66
1650985483.447814, 65
1650985483.465346, 66
1650985483.485858, 67
1650985483.504472, 67
1650985483.521021, 67
1650985483.539569, 67
1650985483.558482, 68
1650985483.575285, 68
1650985483.591592, 68
1650985483.608616, 67
1650985483.625243, 68
1650985483.641463, 69
1650985483.658655, 69
1650985483.674960, 69
1650985483.692769, 69
1650985483.708970, 70
1650985483.726101, 70
1650985483.742872, 68
1650985483.759434, 68
1650985483.775429, 67
1650985483.791756, 68
1650985483.808359, 67
1650985483.825201, 66
1650985483.841551, 68
1650985483.858065, 69
1650985483.875151, 69
1650985483.892507, 68
1650985483.908255, 70
1650985483.924231, 70
1650985483.939440, 69
1650985483.957650, 69
1650985483.975272, 69
1650985483.996798, 70
1650985484.015631, 68
1650985484.034885, 69
1650985484.055618, 69
1650985484.072260, 68
1650985484.088606, 69
1650985484.106079, 68
1650985484.125907, 67
1650985484.144918, 68
1650985484.164959, 69
1650985484.184517, 69
1650985484.209689, 68
1650985484.229559, 70
1650985484.247034, 69
1650985484.266377, 70
1650985484.284275, 70
1650985484.300461, 70
1650985484.319210, 69
1650985484.336287, 69
1650985484.352434, 69
1650985484.369544, 68
1650985484.390691, 69
1650985484.409054, 70
1650985484.426556, 71
1650985484.443227, 70
1650985484.461593, 70
1650985484.481348, 71
1650985484.498798, 71
1650985484.526064, 71
1650985484.543692, 72
1650985484.560559, 70
1650985484.582286, 72
1650985484.604733, 70
1650985484.622002, 70
1650985484.641697, 70
1650985484.659028, 69
1650985484.676520, 71
1650985484.694314, 71
1650985484.711004, 69
1650985484.734250, 70
1650985484.754786, 71
1650985484.771554, 71
1650985484.789311, 72
1650985484.804751, 72
1650985484.821311, 72
1650985484.836763, 72
1650985484.851929, 71
1650985484.868280, 72
1650985484.887822, 72
1650985484.903796, 71
1650985484.920381, 70
1650985484.940761, 71
1650985484.959410, 70
1650985484.976971, 71
1650985484.996631, 71
1650985485.015640, 72
1650985485.033016, 72
1650985485.055905, 71
1650985485.074290, 73
1650985485.093130, 71
1650985485.110117, 72
1650985485.129791, 72
1650985485.147430, 73
1650985485.163542, 73
1650985485.181593, 73
1650985485.197574, 72
1650985485.214127, 71
1650985485.232670, 72
1650985485.249141, 71
1650985485.265162, 71
1650985485.282299, 72
1650985485.298091, 72
1650985485.315461, 71
1650985485.337189, 74
1650985485.355420, 73
1650985485.372966, 72
1650985485.388968, 74
1650985485.405874, 72
1650985485.422906, 73
1650985485.441927, 73
1650985485.458706, 72
1650985485.476793, 74
1650985485.493461, 73
1650985485.509479, 73
1650985485.527113, 71
1650985485.547421, 73
1650985485.565351, 72
1650985485.583677, 73
1650985485.600306, 72
1650985485.616660, 73
1650985485.634448, 72
1650985485.652324, 73
1650985485.668679, 72
1650985485.684794, 74
1650985485.701662, 73
1650985485.717590, 73
1650985485.734656, 74
1650985485.750856, 74
1650985485.768370, 74
1650985485.785396, 74
1650985485.801307, 74
1650985485.821432, 74
1650985485.839814, 72
1650985485.859076, 72
1650985485.875368, 73
1650985485.892742, 73
1650985485.908297, 73
1650985485.926184, 73
1650985485.943408, 73
1650985485.960500, 74
1650985485.978524, 75
1650985485.994885, 74
1650985486.010918, 74
1650985486.028398, 74
1650985486.044881, 74
1650985486.061308, 75
1650985486.076391, 75
1650985486.091627, 75
1650985486.108383, 74
1650985486.125442, 74
1650985486.141523, 73
1650985486.157952, 73
1650985486.174627, 75
1650985486.192370, 74
1650985486.209032, 73
1650985486.225409, 75
1650985486.240972, 74
1650985486.256422, 75
1650985486.274663, 75
1650985486.292985, 74
1650985486.309767, 74
1650985486.325659, 76
1650985486.342504, 75
1650985486.359103, 77
1650985486.374849, 75
1650985486.391334, 75
1650985486.407901, 76
1650985486.423971, 75
1650985486.444500, 74
1650985486.462975, 75
1650985486.479209, 74
1650985486.495680, 75
1650985486.512391, 75
1650985486.528491, 75
1650985486.545587, 75
1650985486.564551, 77
1650985486.584645, 75
1650985486.603737, 76
1650985486.622349, 75
1650985486.642541, 75
1650985486.659639, 76
1650985486.679018, 76
1650985486.697746, 75
1650985486.716901, 75
1650985486.733621, 77
1650985486.749375, 75
1650985486.769039, 76
1650985486.790167, 75
1650985486.809392, 75
1650985486.828545, 76
1650985486.845248, 75
1650985486.863570, 76
1650985486.882840, 76
1650985486.902527, 77
1650985486.919719, 78
1650985486.938126, 76
1650985486.953922, 77
1650985486.970669, 77
1650985486.986579, 78
1650985487.003457, 77
1650985487.022042, 77
1650985487.039314, 78
1650985487.057967, 78
1650985487.074421, 77
1650985487.090811, 78
1650985487.107561, 76
1650985487.125171, 77
1650985487.145960, 77
1650985487.164816, 76
1650985487.180822, 77
1650985487.199598, 78
1650985487.217721, 78
1650985487.237385, 77
1650985487.253100, 78
1650985487.269764, 77
1650985487.287397, 78
1650985487.302566, 79
1650985487.320300, 79
1650985487.336529, 77
1650985487.355347, 77
1650985487.372936, 78
1650985487.389090, 77
1650985487.408619, 78
1650985487.424952, 78
1650985487.442563, 76
1650985487.461636, 78
1650985487.478838, 76
1650985487.497695, 78
1650985487.514069, 79
1650985487.531330, 79
1650985487.548251, 79
1650985487.564327, 78
1650985487.580272, 79
1650985487.596201, 79
1650985487.612329, 79
1650985487.628784, 80
1650985487.646579, 80
1650985487.665452, 79
1650985487.682708, 76
1650985487.699766, 78
1650985487.716720, 77
1650985487.736437, 77
1650985487.754562, 78
1650985487.771057, 77
1650985487.787782, 78
1650985487.803597, 78
1650985487.819497, 79
1650985487.834952, 79
1650985487.850288, 79
1650985487.868383, 80
1650985487.883899, 80
1650985487.900562, 79
1650985487.917364, 78
1650985487.933557, 77
1650985487.949586, 78
1650985487.965265, 79
1650985487.982885, 78
1650985488.000219, 78
1650985488.016365, 78
1650985488.032287, 79
1650985488.047808, 80
1650985488.071628, 79
1650985488.089156, 79
1650985488.104914, 80
1650985488.122966, 78
1650985488.142032, 81
1650985488.158797, 81
1650985488.176730, 79
1650985488.193854, 79
1650985488.211626, 80
1650985488.229640, 79
1650985488.246292, 79
1650985488.264797, 80
1650985488.282216, 80
1650985488.298040, 80
1650985488.317409, 80
1650985488.334751, 81
1650985488.352360, 79
1650985488.369947, 79
1650985488.385882, 79
1650985488.402375, 79
1650985488.421772, 79
1650985488.438566, 79
1650985488.454150, 80
1650985488.470534, 80
1650985488.487865, 81
1650985488.504726, 81
1650985488.522773, 80
1650985488.541393, 80
1650985488.557743, 81
1650985488.573882, 80
1650985488.591083, 81
1650985488.606997, 81
1650985488.624205, 80
1650985488.641100, 80
1650985488.658930, 80
1650985488.675401, 79
1650985488.691281, 81
1650985488.708721, 80
1650985488.725022, 79
1650985488.740809, 81
1650985488.757262, 81
1650985488.772713, 81
1650985488.788395, 80
1650985488.803697, 81
1650985488.818975, 81
1650985488.835874, 81
1650985488.852261, 81
1650985488.869946, 82
1650985488.887076, 81
1650985488.904664, 81
1650985488.924377, 84
1650985488.944812, 82
1650985488.960992, 81
1650985488.979069, 81
1650985488.999764, 80
1650985489.016853, 81
1650985489.033273, 81
1650985489.049330, 80
1650985489.066871, 81
1650985489.085067, 82
1650985489.100737, 83
1650985489.116938, 81
1650985489.132812, 82
1650985489.147645, 82
1650985489.164001, 83
1650985489.180180, 81
1650985489.198638, 82
1650985489.214427, 81
1650985489.234288, 82
1650985489.252432, 82
1650985489.268448, 82
1650985489.285218, 82
1650985489.302799, 81
1650985489.318952, 83
1650985489.336011, 82
1650985489.352649, 81
1650985489.368353, 82
1650985489.384477, 83
1650985489.401057, 81
1650985489.419284, 83
1650985489.435187, 83
1650985489.453828, 84
1650985489.469016, 82
1650985489.484773, 83
1650985489.500869, 83
1650985489.517228, 83
1650985489.533265, 83
1650985489.549038, 83
1650985489.565858, 83
1650985489.581588, 82
1650985489.597733, 83
