	1650985431.069640 	46.3 
0.173370 	1650985431.243010 	97.2 
0.204400 	1650985431.447410 	299.0 
		147.5 
		176.9 
		176.9 
		176.9 
		176.9 
		176.9 
		176.9 
		176.9 
		176.9 
		176.9 
		176.9 
		176.9 
		176.9 
		176.9 
		176.9 
		176.9 
		176.9 
		176.9 
		176.9 
		176.9 
		176.9 
		176.9 
		176.9 
		176.9 
		176.9 
		176.9 
		176.9 
		176.9 
		176.9 
		176.9 
		176.9 
		176.9 
		176.9 
		176.9 
		176.9 
		176.9 
		176.9 
		176.9 
		176.9 
		176.9 
		176.9 
		176.9 
		176.9 
		176.9 
		176.9 
		176.9 
		176.8 
		176.8 
		176.9 
		176.9 
		176.9 
		176.9 
		176.9 
		176.8 
		176.8 
		176.7 
		176.8 
		176.9 
		177.0 
		177.1 
		177.3 
		176.9 
		176.5 
		176.1 
		176.5 
		176.3 
		177.2 
		177.5 
		178.2 
		178.7 
		179.4 
10.520710 	1650985441.968120 	173.0 
0.278080 	1650985442.246200 	172.0 
		172.5 
0.280240 	1650985442.526440 	180.0 
		174.8 
0.287230 	1650985442.813670 	186.0 
		180.3 
0.292330 	1650985443.106000 	185.0 
		183.8 
0.292110 	1650985443.398110 	187.0 
		185.3 
0.293460 	1650985443.691570 	184.0 
		185.4 
0.295090 	1650985443.986660 	185.0 
		184.8 
0.291300 	1650985444.277960 	191.0 
		186.9 
0.297960 	1650985444.575920 	189.0 
		189.0 
0.298450 	1650985444.874370 	192.0 
		190.0 
0.301060 	1650985445.175430 	199.0 
		193.7 
0.309010 	1650985445.484440 	201.0 
		197.9 
0.317040 	1650985445.801480 	195.0 
		198.0 
0.305780 	1650985446.107260 	194.0 
		195.7 
0.302480 	1650985446.409740 	200.0 
		196.6 
0.306980 	1650985446.716720 	208.0 
		201.5 
0.313980 	1650985447.030700 	206.0 
		205.2 
0.312480 	1650985447.343180 	208.0 
		206.4 
0.315340 	1650985447.658520 	210.0 
		208.1 
0.316830 	1650985447.975350 	219.0 
		212.4 
0.325750 	1650985448.301100 	223.0 
		218.1 
0.329240 	1650985448.630340 	215.0 
		218.7 
0.325510 	1650985448.955850 	223.0 
		218.9 
0.330210 	1650985449.286060 	224.0 
		222.0 
0.333770 	1650985449.619830 	224.0 
		223.3 
0.335220 	1650985449.955050 	230.0 
		225.8 
0.342600 	1650985450.297650 	225.0 
		226.9 
0.333850 	1650985450.631500 	230.0 
		227.3 
0.337480 	1650985450.968980 	234.0 
		230.4 
		230.6 
0.340850 	1650985451.309830 	228.0 
		229.7 
0.338440 	1650985451.648270 	231.0 
		229.6 
0.339950 	1650985451.988220 	232.0 
		230.9 
0.338910 	1650985452.327130 	233.0 
		232.0 
0.343470 	1650985452.670600 	239.0 
		234.7 
0.348160 	1650985453.018760 	242.0 
		238.6 
		238.4 
0.348710 	1650985453.367470 	253.0 
		243.3 
0.360530 	1650985453.728000 	250.0 
		248.8 
0.358880 	1650985454.086880 	248.0 
		248.9 
		248.6 
0.354220 	1650985454.441100 	247.0 
		248.2 
0.354130 	1650985454.795230 	253.0 
		249.4 
0.362730 	1650985455.157960 	256.0 
		252.8 
		252.7 
0.363230 	1650985455.521190 	249.0 
		251.5 
0.354000 	1650985455.875190 	247.0 
		249.2 
0.354960 	1650985456.230150 	253.0 
		249.7 
		250.6 
0.361830 	1650985456.591980 	261.0 
		253.8 
0.367590 	1650985456.959570 	135.0 
		216.6 
0.242950 	1650985457.202520 	128.0 
		159.9 
0.236130 	1650985457.438650 	128.0 
0.236260 	1650985457.674910 	135.0 
		141.0 
0.242320 	1650985457.917230 	137.0 
0.248300 	1650985458.165530 	138.0 
		138.7 
0.245380 	1650985458.410910 	138.0 
0.247100 	1650985458.658010 	137.0 
		137.9 
0.246650 	1650985458.904660 	151.0 
0.257800 	1650985459.162460 	148.0 
		145.6 
0.253900 	1650985459.416360 	151.0 
0.260570 	1650985459.676930 	151.0 
		149.2 
0.260670 	1650985459.937600 	159.0 
		153.1 
0.266570 	1650985460.204170 	158.0 
		156.7 
0.265150 	1650985460.469320 	159.0 
0.265030 	1650985460.734350 	162.0 
		159.2 
0.269360 	1650985461.003710 	159.0 
0.269010 	1650985461.272720 	168.0 
		162.1 
0.278340 	1650985461.551060 	163.0 
0.270710 	1650985461.821770 	174.0 
		166.4 
0.282960 	1650985462.104730 	172.0 
0.280480 	1650985462.385210 	187.0 
		175.1 
0.297080 	1650985462.682290 	180.0 
0.287750 	1650985462.970040 	178.0 
		177.7 
0.286140 	1650985463.256180 	185.0 
0.291270 	1650985463.547450 	179.0 
		180.6 
0.284630 	1650985463.832080 	188.0 
0.295540 	1650985464.127620 	186.0 
		184.9 
0.296790 	1650985464.424410 	183.0 
		184.6 
0.290500 	1650985464.714910 	192.0 
		186.5 
0.298720 	1650985465.013630 	189.0 
0.302170 	1650985465.315800 	189.0 
		188.2 
		188.7 
0.299150 	1650985465.614950 	193.0 
		190.0 
0.300520 	1650985465.915470 	197.0 
		193.3 
0.302450 	1650985466.217920 	197.0 
		195.8 
0.303160 	1650985466.521080 	206.0 
		199.6 
0.311880 	1650985466.832960 	199.0 
		201.5 
0.306110 	1650985467.139070 	210.0 
		203.5 
0.318060 	1650985467.457130 	207.0 
		206.8 
0.313600 	1650985467.770730 	215.0 
		209.6 
0.323240 	1650985468.093970 	217.0 
		213.9 
0.327600 	1650985468.421570 	210.0 
		213.6 
0.316070 	1650985468.737640 	215.0 
		212.9 
		213.8 
0.325200 	1650985469.062840 	218.0 
		214.9 
0.325950 	1650985469.388790 	226.0 
		219.6 
		220.2 
0.334150 	1650985469.722940 	224.0 
		221.3 
		221.8 
0.333470 	1650985470.056410 	217.0 
		220.0 
0.323670 	1650985470.380080 	218.0 
		218.3 
		218.8 
0.328400 	1650985470.708480 	226.0 
		221.0 
0.331930 	1650985471.040410 	233.0 
		226.7 
0.341260 	1650985471.381670 	230.0 
		229.9 
0.337800 	1650985471.719470 	234.0 
		231.3 
0.342380 	1650985472.061850 	228.0 
		231.1 
0.336100 	1650985472.397950 	234.0 
		231.0 
0.340950 	1650985472.738900 	237.0 
		234.0 
		234.0 
0.344530 	1650985473.083430 	241.0 
		236.3 
		237.1 
0.351250 	1650985473.434680 	237.0 
		236.8 
0.344330 	1650985473.779010 	237.0 
		236.9 
0.344470 	1650985474.123480 	274.0 
		249.3 
0.384320 	1650985474.507800 	241.0 
		254.8 
0.346900 	1650985474.854700 	251.0 
		248.9 
