1655642323.393473		3
1655642323.532014		4
1655642323.532032		5
1655642323.532036		6
1655642323.532039		7
1655642323.532042		8
1655642323.532046		9
1655642323.532049		10
1655642323.532052		11
1655642323.532055		12
1655642323.532058		13
1655642323.532061		14
1655642323.532065		15
1655642323.532068		16
1655642323.532072		17
1655642323.532075		18
1655642323.532079		19
1655642323.532082		20
1655642323.532131		21
1655642323.532139		21
1655642323.532143		20
1655642323.533553		20
1655642323.556971		19
1655642323.557043		19
1655642323.557048		18
1655642323.557050		18
1655642323.557052		17
1655642323.557054		17
1655642323.581230		16
1655642323.581333		16
1655642323.581338		15
1655642323.581341		15
1655642323.581344		14
1655642323.581347		14
1655642323.581349		13
1655642323.581351		13
1655642323.581353		12
1655642323.581356		12
1655642323.581358		11
1655642323.581360		11
1655642323.581362		11
1655642323.581364		11
1655642323.581367		11
1655642323.581369		11
1655642323.581372		11
1655642323.581374		11
1655642323.581376		11
1655642323.581378		11
1655642323.808730		1
1655642323.830421		2
1655642323.853456		3
1655642323.853540		4
1655642323.853556		5
1655642323.853560		5
1655642323.853563		4
1655642323.853565		4
1655642323.853568		3
1655642323.853571		3
1655642323.853574		3
1655642323.853576		3
1655642323.853579		3
1655642323.853581		3
1655642323.853583		3
1655642323.853585		3
1655642323.853588		3
1655642323.853592		3
1655642323.873997		3
1655642323.895050		3
1655642323.895186		3
1655642323.895191		3
1655642323.895194		3
1655642323.895196		3
1655642323.895199		3
1655642323.919521		3
1655642323.919644		3
1655642323.940726		3
1655642323.940855		3
1655642323.940860		3
1655642323.940862		3
1655642323.940866		3
1655642323.940869		3
1655642323.940871		3
1655642323.965566		3
1655642323.965657		3
1655642323.965661		3
1655642323.965663		4
1655642323.965666		4
1655642323.965668		4
1655642323.965669		4
1655642323.965672		5
1655642323.965673		5
1655642323.965675		5
1655642323.965677		5
1655642323.965679		5
1655642323.987536		6
1655642323.987617		6
1655642323.987622		6
1655642323.987624		6
1655642323.987626		6
1655642323.987628		6
1655642323.987630		7
1655642323.987633		7
1655642323.987636		7
1655642323.987639		7
1655642323.987640		7
1655642323.987642		7
1655642323.987644		7
1655642323.987648		8
1655642323.987651		8
1655642323.987653		8
1655642323.987655		8
1655642323.987658		8
1655642323.987896		8
1655642323.987991		8
1655642323.988013		8
1655642323.988033		7
1655642323.988035		7
1655642323.988037		6
1655642323.988039		6
1655642323.988041		5
1655642323.988043		5
1655642324.016554		4
1655642324.016631		4
1655642324.016635		4
1655642324.016637		4
1655642324.016639		4
1655642324.016641		4
1655642324.016644		4
1655642324.016646		4
1655642324.016648		4
1655642324.016649		4
1655642324.016651		4
1655642324.016653		4
1655642324.016833		4
1655642324.016842		4
1655642324.016937		4
1655642324.016941		4
1655642324.016943		4
1655642324.066147		4
1655642324.066251		5
1655642324.066256		5
1655642324.066259		5
1655642324.066261		5
1655642324.066264		5
1655642324.066266		6
1655642324.066268		6
1655642324.066271		6
1655642324.066274		6
1655642324.066277		6
1655642324.066279		6
1655642324.066292		7
1655642324.066295		7
1655642324.066297		6
1655642324.066300		6
1655642324.066302		5
1655642324.089755		5
1655642324.089828		4
1655642324.089831		4
1655642324.089861		4
1655642324.089865		4
1655642324.089868		4
1655642324.089872		4
1655642324.089875		4
1655642324.089879		4
1655642324.089884		4
1655642324.089888		4
1655642324.089891		4
1655642324.089895		4
1655642324.089899		4
1655642324.089903		4
1655642324.089909		4
1655642324.089911		4
1655642324.089913		4
1655642324.089931		4
1655642324.089934		4
1655642324.112759		4
1655642324.112838		4
1655642324.112842		4
1655642324.112845		4
1655642324.112847		4
1655642324.112849		4
1655642324.112851		4
1655642324.112853		4
1655642324.112856		4
1655642324.112858		4
1655642324.112860		4
1655642324.112862		4
1655642324.112866		4
1655642324.112868		4
1655642324.112870		4
1655642324.112873		5
1655642324.112875		5
1655642324.112877		5
1655642324.112880		5
1655642324.112982		5
1655642324.112984		6
1655642324.112986		6
1655642324.112989		6
1655642324.112992		6
1655642324.112994		6
1655642324.112996		6
1655642324.112998		7
1655642324.113000		7
1655642324.113003		7
1655642324.113005		7
1655642324.113007		7
1655642324.113009		7
1655642324.136434		7
1655642324.136447		7
1655642324.136449		6
1655642324.136451		6
1655642324.136452		5
1655642324.136455		5
1655642324.136457		4
1655642324.136459		4
1655642324.136462		4
1655642324.136464		4
1655642324.136466		4
1655642324.136467		4
1655642324.136469		4
1655642324.136471		4
1655642324.136473		4
1655642324.136475		4
1655642324.136477		4
1655642324.136479		4
1655642324.136480		4
1655642324.136482		4
1655642324.136484		4
1655642324.136486		4
1655642324.136488		4
1655642324.158644		4
1655642324.179201		4
1655642324.179216		5
1655642324.179219		5
1655642324.179222		5
1655642324.179223		5
1655642324.179225		5
1655642324.179227		6
1655642324.179535		6
1655642324.209481		6
1655642324.209501		6
1655642324.209505		6
1655642324.209508		6
1655642324.209512		7
1655642324.209516		7
1655642324.209519		7
1655642324.209522		7
1655642324.209527		7
1655642324.209530		7
1655642324.209546		7
1655642324.209550		7
1655642324.209552		6
1655642324.209555		6
1655642324.209559		5
1655642324.209561		5
1655642324.209564		4
1655642324.231280		4
1655642324.231307		4
1655642324.231311		4
1655642324.231314		4
1655642324.231317		4
1655642324.231321		4
1655642324.231324		4
1655642324.231327		4
1655642324.231330		4
1655642324.231334		4
1655642324.231337		4
1655642324.231340		4
1655642324.231344		4
1655642324.231348		4
1655642324.231351		4
1655642324.255467		4
1655642324.255493		4
1655642324.255495		4
1655642324.255496		4
1655642324.284164		4
1655642324.284178		5
1655642324.307181		5
1655642324.307197		5
1655642324.307199		5
1655642324.307211		5
1655642324.307213		5
1655642324.307215		4
1655642324.307217		4
1655642324.307219		3
1655642324.307221		3
1655642324.307223		3
1655642324.307224		3
1655642324.307226		3
1655642324.307228		3
1655642324.307230		3
1655642324.307231		3
1655642324.335130		3
1655642324.335162		3
1655642324.335166		3
1655642324.335168		3
1655642324.335170		3
1655642324.335173		3
1655642324.335175		3
1655642324.335178		3
1655642324.357181		3
1655642324.357213		3
1655642324.357217		3
1655642324.357220		3
1655642324.357223		3
1655642324.357226		3
1655642324.357229		3
1655642324.382082		3
1655642324.382104		4
1655642324.382108		4
1655642324.382111		4
1655642324.382128		4
1655642324.382132		3
1655642324.382136		3
1655642324.404341		2
1655642324.404361		2
1655642324.404365		2
1655642324.404368		2
1655642324.428961		2
1655642324.428980		2
1655642324.428983		2
1655642324.428986		2
1655642324.428990		2
1655642324.428993		2
1655642324.677878		1
1655642324.701984		2
1655642324.726124		2
1655642324.726135		3
1655642324.726145		3
1655642324.726148		3
1655642324.984432		1
1655642325.009572		2
1655642325.061165		2
1655642325.061374		3
1655642325.247565		1
1655642325.270938		2
1655642325.292974		2
1655642325.292990		3
1655642325.293005		3
1655642325.293008		3
1655642325.293011		2
1655642325.293014		2
1655642325.317518		2
1655642325.339242		3
1655642325.339262		3
1655642325.339266		3
1655642325.339270		4
1655642325.339274		4
1655642325.339290		4
1655642325.339294		3
1655642325.339297		3
1655642325.339301		2
1655642325.339304		2
1655642325.339307		2
1655642325.339310		2
1655642325.339314		2
1655642325.339317		2
1655642325.339321		2
1655642325.339324		2
1655642325.339327		2
1655642325.339330		2
1655642325.339334		2
1655642325.339337		2
1655642325.339340		2
1655642325.339344		2
1655642325.339348		2
1655642325.339352		2
1655642325.339355		2
1655642325.339358		2
1655642325.339361		2
1655642325.339364		2
1655642325.360744		2
1655642325.360766		3
1655642325.382754		3
1655642325.382772		3
1655642325.382777		4
1655642325.382781		4
1655642325.382796		4
1655642325.382800		3
1655642325.382803		3
1655642325.382806		2
1655642325.382809		2
1655642325.382812		2
1655642325.382814		2
1655642325.382817		2
1655642325.382820		2
1655642325.382823		2
1655642325.382827		2
1655642325.382829		2
1655642325.383147		2
1655642325.406641		2
1655642325.406662		3
1655642325.406666		3
1655642325.406669		3
1655642325.406685		4
1655642325.406689		3
1655642325.429361		3
1655642325.429378		2
1655642325.429382		2
1655642325.429385		2
1655642325.429389		2
1655642325.429392		2
1655642325.429395		2
1655642325.429398		2
1655642325.429401		2
1655642325.429404		2
1655642325.429407		2
1655642325.429410		2
1655642325.429413		2
1655642325.429416		2
1655642325.429419		2
1655642325.429422		2
1655642325.429425		2
1655642325.429428		2
1655642325.429432		2
1655642325.429435		2
1655642325.456844		2
1655642325.456861		2
1655642325.664840		1
1655642325.687886		2
1655642325.710344		2
1655642325.710413		3
1655642325.710424		3
1655642325.710427		3
1655642325.731016		2
1655642325.754266		2
1655642325.754343		2
1655642325.754347		2
1655642325.754349		2
1655642325.754351		2
1655642325.754353		2
1655642325.754355		2
1655642325.754358		2
1655642325.754359		2
1655642325.754361		2
1655642325.754363		2
1655642325.754365		2
1655642325.754367		2
1655642325.754370		2
1655642325.754371		2
1655642325.754373		2
1655642325.754375		2
1655642325.754378		2
1655642325.754379		2
1655642325.754381		2
1655642325.754383		2
1655642325.993163		1
1655642326.017428		2
1655642326.277185		1
1655642326.829322		1
1655642327.759600		1
1655642328.049943		2
1655642328.050057		2
1655642328.050063		3
1655642328.050080		3
1655642328.050084		3
1655642328.050088		2
1655642328.050091		2
1655642328.050094		2
1655642328.050097		2
1655642328.050100		2
1655642328.050104		2
1655642328.050108		2
1655642328.050111		2
1655642328.050114		2
1655642328.050118		2
1655642328.050121		2
1655642328.050125		2
1655642328.050128		2
1655642328.050131		2
1655642328.050136		2
1655642328.050139		2
1655642328.050143		2
1655642328.050146		2
1655642328.050150		2
1655642328.050274		2
1655642328.050283		2
1655642328.075800		2
1655642328.075917		2
1655642328.075938		2
1655642328.099179		2
1655642328.099325		2
1655642328.099333		2
1655642328.099337		2
1655642328.124001		2
1655642328.124176		2
1655642328.124183		2
1655642328.124186		2
1655642328.124190		2
1655642328.124193		2
1655642328.124196		2
1655642328.147731		2
1655642328.147849		3
1655642328.147854		3
1655642328.147857		3
1655642328.147871		4
1655642328.147875		3
1655642328.147879		3
1655642328.147882		2
1655642328.147885		2
1655642328.147888		2
1655642328.147891		2
1655642328.147895		2
1655642328.147898		2
1655642328.169586		2
1655642328.169775		2
1655642328.169783		2
1655642328.169788		2
1655642328.391662		1
1655642328.414630		2
1655642328.437595		2
1655642328.437677		3
1655642328.437691		3
1655642328.437694		3
1655642328.437696		2
1655642328.437698		2
1655642328.437700		2
1655642328.437702		2
1655642328.437704		2
1655642328.437708		2
1655642328.437710		2
1655642328.437712		2
1655642328.437714		2
1655642328.437716		2
1655642328.437718		2
1655642328.437720		2
1655642328.437721		2
1655642328.459182		2
1655642328.484566		2
1655642328.484654		3
1655642328.510684		3
1655642328.510775		3
1655642328.510780		4
1655642328.510794		4
1655642328.510798		3
1655642328.510801		3
1655642328.510803		2
1655642328.510805		2
1655642328.510808		2
1655642328.510810		2
1655642328.510813		2
1655642328.510816		2
1655642328.510820		2
1655642328.510824		2
1655642328.531977		2
1655642328.532084		2
1655642328.532089		2
1655642328.532091		2
1655642328.532094		2
1655642328.532096		2
1655642328.532098		2
1655642328.532100		2
1655642328.532103		2
1655642328.532105		2
1655642328.532107		2
1655642328.532109		2
1655642328.558156		2
1655642328.558257		2
1655642328.558262		2
1655642328.558266		2
1655642328.558269		2
1655642328.558272		2
1655642328.558274		2
1655642328.558277		2
1655642328.558280		2
1655642328.558284		2
1655642328.558287		2
1655642328.558290		2
1655642328.767482		1
1655642328.792440		2
1655642328.814146		2
1655642328.814214		3
1655642328.814228		3
1655642328.814232		3
1655642328.814414		2
1655642328.814423		2
1655642328.814427		2
1655642328.814431		2
1655642328.835845		2
1655642328.864111		2
1655642328.864229		2
1655642328.864235		2
1655642328.864238		2
1655642328.864241		2
1655642328.864404		2
1655642328.864407		2
1655642328.889267		2
1655642328.910998		2
1655642328.911044		2
1655642328.911068		2
1655642328.911091		2
1655642328.911114		2
1655642328.911137		2
1655642328.911160		2
1655642328.911183		2
1655642328.911206		2
1655642328.911229		2
1655642329.116367		1
1655642329.160639		2
1655642329.185280		2
1655642329.185312		3
1655642329.185339		3
1655642329.185353		3
1655642329.185365		2
1655642329.185378		2
1655642329.185403		2
1655642329.185427		2
1655642329.211769		2
1655642329.251381		2
1655642329.251534		2
1655642329.251540		2
1655642329.251543		2
1655642329.272852		2
1655642329.273069		2
1655642329.305574		2
1655642329.305706		2
1655642329.305711		2
1655642329.305713		2
1655642329.305716		2
1655642329.305718		2
1655642329.305721		2
1655642329.305723		2
1655642329.305725		2
1655642329.305728		2
1655642329.305730		2
1655642329.326599		2
1655642329.326676		2
1655642329.326679		2
1655642329.326680		2
1655642329.326682		2
1655642329.348765		2
1655642329.348834		3
1655642329.348838		3
1655642329.348839		3
1655642329.348849		4
1655642329.348851		3
1655642329.371209		3
1655642329.371278		2
1655642329.398359		2
1655642329.398488		2
1655642329.398494		2
1655642329.398497		2
1655642329.398500		2
1655642329.398503		2
1655642329.398506		2
1655642329.398510		2
1655642329.398513		2
1655642329.398516		2
1655642329.398520		2
1655642329.398524		2
1655642329.398527		2
1655642329.398530		2
1655642329.398533		2
1655642329.398537		2
1655642329.398540		2
1655642329.398543		2
1655642329.398546		2
1655642329.398549		2
1655642329.398553		2
1655642329.398556		2
1655642329.398559		2
1655642329.398562		2
1655642329.398565		2
1655642329.398568		2
1655642329.431779		2
1655642329.456641		2
1655642329.456778		3
1655642329.481066		3
1655642329.481180		3
1655642329.481199		4
1655642329.481203		3
1655642329.481207		3
1655642329.481210		2
1655642329.481213		2
1655642329.481216		2
1655642329.481220		2
1655642329.481224		2
1655642329.481227		2
1655642329.481230		2
1655642329.481233		2
1655642329.481236		2
1655642329.481238		2
1655642329.481242		2
1655642329.481245		2
1655642329.481248		2
1655642329.481251		2
1655642329.481254		2
1655642329.481257		2
1655642329.481260		2
1655642329.481263		2
1655642329.481265		2
1655642329.481269		2
1655642329.481272		2
1655642329.481275		2
1655642329.510693		2
1655642329.534332		2
1655642329.534510		3
1655642329.560261		3
1655642329.560390		3
1655642329.587734		4
1655642329.587804		4
1655642329.587807		4
1655642329.587809		4
1655642329.587819		5
1655642329.587821		5
1655642329.587823		4
1655642329.587825		4
1655642329.587826		3
1655642329.587828		3
1655642329.587830		3
1655642329.587831		3
1655642329.587833		3
1655642329.587835		3
1655642329.587837		3
1655642329.587838		3
1655642329.587840		3
1655642329.587843		3
1655642329.587844		3
1655642329.587846		3
1655642329.587848		3
1655642329.587850		3
1655642329.587852		3
1655642329.587854		3
1655642329.587855		3
1655642329.614368		3
1655642329.614544		3
1655642329.614555		3
1655642329.614562		3
1655642329.636628		3
1655642329.636801		3
1655642329.636810		3
1655642329.659624		4
1655642329.659756		4
1655642329.687816		4
1655642329.687932		4
1655642329.715164		5
1655642329.715183		5
1655642329.715187		5
1655642329.715219		5
1655642329.715224		5
1655642329.715228		4
1655642329.715232		4
1655642329.715237		3
1655642329.715241		3
1655642329.715244		3
1655642329.715247		3
1655642329.715250		3
1655642329.715255		3
1655642329.715258		3
1655642329.753881		3
1655642329.754038		3
1655642329.754044		3
1655642329.754047		3
1655642329.754050		3
1655642329.754053		3
1655642329.754056		3
1655642329.754060		3
1655642329.754063		3
1655642329.754066		3
1655642329.754070		3
1655642329.754073		3
1655642329.779802		3
1655642329.779925		4
1655642329.803724		4
1655642329.803786		4
1655642329.803791		4
1655642329.803793		5
1655642329.803803		5
1655642329.826030		5
1655642329.826120		4
1655642329.826124		4
1655642329.826126		3
1655642329.826127		3
1655642329.826130		3
1655642329.826132		3
1655642329.826134		3
1655642329.826136		3
1655642329.826138		3
1655642329.826140		3
1655642329.826254		3
1655642329.826256		3
1655642329.826259		3
1655642329.826262		3
1655642329.826264		3
1655642329.826266		3
1655642329.826268		3
1655642329.859462		3
1655642329.859566		3
1655642329.859571		3
1655642329.859574		3
1655642329.859577		3
1655642329.859579		3
1655642329.859582		3
1655642329.859585		3
1655642329.859587		3
1655642330.101052		1
1655642330.149265		2
1655642330.171373		2
1655642330.171481		3
1655642330.171500		3
1655642330.171504		3
1655642330.171508		2
1655642330.171511		2
1655642330.171514		2
1655642330.171517		2
1655642330.171520		2
1655642330.171523		2
1655642330.171526		2
1655642330.200847		2
1655642330.228131		3
1655642330.228311		3
1655642330.228319		3
1655642330.228324		4
1655642330.228331		4
1655642330.228335		4
1655642330.228896		4
1655642330.228916		3
1655642330.257132		3
1655642330.257267		2
1655642330.257274		2
1655642330.257277		2
1655642330.257280		2
1655642330.257283		2
1655642330.257286		2
1655642330.257289		2
1655642330.257292		2
1655642330.257295		2
1655642330.257298		2
1655642330.257301		2
1655642330.257304		2
1655642330.257308		2
1655642330.257311		2
1655642330.257314		2
1655642330.257318		2
1655642330.257321		2
1655642330.279776		2
1655642330.279909		2
1655642330.279916		2
1655642330.508617		1
1655642330.534966		2
1655642330.558568		2
1655642330.787600		1
1655642330.808998		2
1655642330.834596		2
1655642330.834698		3
1655642330.834718		3
1655642330.834722		3
1655642330.834725		2
1655642330.834729		2
1655642330.834732		2
1655642330.834735		2
1655642330.834738		2
1655642330.860487		2
1655642330.882477		2
1655642330.882593		2
1655642330.882598		2
1655642330.882601		2
1655642330.913835		2
1655642330.913932		3
1655642330.942937		3
1655642330.943020		3
1655642330.943035		4
1655642330.943037		3
1655642330.943039		3
1655642330.943041		2
1655642330.943044		2
1655642330.943046		2
1655642330.943048		2
1655642330.943050		2
1655642330.943052		2
1655642330.943055		2
1655642330.943057		2
1655642330.943059		2
1655642330.943061		2
1655642330.943062		2
1655642330.943064		2
1655642330.943067		2
1655642330.943071		2
1655642330.943073		2
1655642330.943075		2
1655642330.943077		2
1655642330.943080		2
1655642330.943082		2
1655642330.969827		2
1655642330.992905		2
1655642330.993046		2
1655642330.993051		2
1655642330.993054		2
1655642330.993057		2
1655642330.993059		2
1655642330.993062		2
1655642330.993065		2
1655642330.993069		2
1655642330.993071		2
1655642330.993075		2
1655642330.993078		2
1655642330.993080		2
1655642331.020012		2
1655642331.020161		2
1655642331.096013		3
1655642331.096089		3
1655642331.131914		3
1655642331.131980		4
1655642331.131985		4
1655642331.131986		4
1655642331.131997		4
1655642331.131999		3
1655642331.132001		3
1655642331.132002		2
1655642331.132004		2
1655642331.132006		2
1655642331.132007		2
1655642331.132009		2
1655642331.156559		2
1655642331.156574		3
1655642331.156576		3
1655642331.156578		3
1655642331.156589		4
1655642331.156591		3
1655642331.156593		3
1655642331.156595		2
1655642331.156597		2
1655642331.156599		2
1655642331.156601		2
1655642331.156603		2
1655642331.156604		2
1655642331.156606		2
1655642331.156608		2
1655642331.182181		2
1655642331.182207		2
1655642331.182209		2
1655642331.182211		2
1655642331.182213		2
1655642331.182215		2
1655642331.182217		2
1655642331.182220		2
1655642331.182222		2
1655642331.182224		2
1655642331.182226		2
1655642331.182228		2
1655642331.182230		2
1655642331.208497		2
1655642331.208515		2
1655642331.232391		3
1655642331.232409		3
1655642331.232416		3
1655642331.232419		4
1655642331.264532		4
1655642331.264552		3
1655642331.264556		3
1655642331.264559		2
1655642331.264563		2
1655642331.264566		2
1655642331.264570		2
1655642331.264574		2
1655642331.264578		2
1655642331.264581		2
1655642331.264584		2
1655642331.264588		2
1655642331.264591		2
1655642331.264594		2
1655642331.264597		2
1655642331.264601		2
1655642331.264604		2
1655642331.264607		2
1655642331.264610		2
1655642331.264614		2
1655642331.264617		2
1655642331.264620		2
1655642331.264623		2
1655642331.287019		2
1655642331.309493		2
1655642331.309532		2
1655642331.309537		2
1655642331.309733		2
1655642331.309738		2
1655642331.309741		2
1655642331.309744		2
1655642331.309747		2
1655642331.309750		2
1655642331.309754		2
1655642331.309757		2
1655642331.309759		2
1655642331.309763		2
1655642331.309766		2
1655642331.309770		2
1655642331.309774		2
1655642331.309777		2
1655642331.309780		2
1655642331.309783		2
1655642331.309786		2
1655642331.309789		2
1655642331.309793		2
1655642331.332164		2
1655642331.332188		3
1655642331.332191		3
1655642331.332194		3
1655642331.332210		4
1655642331.332213		3
1655642331.358095		3
1655642331.358118		2
1655642331.382794		2
1655642331.382823		2
1655642331.382831		2
1655642331.382834		2
1655642331.382837		2
1655642331.382840		2
1655642331.382843		2
1655642331.382846		2
1655642331.382849		2
1655642331.382852		2
1655642331.382855		2
1655642331.382858		2
1655642331.382861		2
1655642331.382865		2
1655642331.382868		2
1655642331.382870		2
1655642331.382873		2
1655642331.382876		2
1655642331.382879		2
1655642331.382882		2
1655642331.382884		2
1655642331.382887		2
1655642331.407062		2
1655642331.407082		2
1655642331.407091		2
1655642331.407094		3
1655642331.407097		3
1655642331.407100		3
1655642331.431841		4
1655642331.431862		4
1655642331.431865		4
1655642331.431869		4
1655642331.431872		5
1655642331.431875		5
1655642331.431879		5
1655642331.431882		5
1655642331.431885		5
1655642331.431889		6
1655642331.453656		6
1655642331.453668		6
1655642331.453670		6
1655642331.453672		6
1655642331.453681		6
1655642331.453683		5
1655642331.453685		5
1655642331.453687		4
1655642331.453688		4
1655642331.453690		3
1655642331.453692		3
1655642331.453694		3
1655642331.453696		3
1655642331.453699		3
1655642331.453702		3
1655642331.453721		3
1655642331.453733		3
1655642331.453741		3
1655642331.453751		3
1655642331.453753		3
1655642331.453756		3
1655642331.453758		3
1655642331.453760		3
1655642331.453762		3
1655642331.453764		3
1655642331.476125		3
1655642331.476141		4
1655642331.507066		4
1655642331.507150		4
1655642331.507155		4
1655642331.507157		5
1655642331.507169		5
1655642331.507172		5
1655642331.507174		4
1655642331.507176		4
1655642331.507178		3
1655642331.507180		3
1655642331.507182		3
1655642331.507184		3
1655642331.507186		3
1655642331.507187		3
1655642331.507190		3
1655642331.507191		3
1655642331.507193		3
1655642331.507195		3
1655642331.507197		3
1655642331.531166		3
1655642331.531280		3
1655642331.531284		3
1655642331.531286		3
1655642331.531288		3
1655642331.531291		3
1655642331.554525		3
1655642331.554675		3
1655642331.554682		3
1655642331.554686		3
1655642331.554689		3
1655642331.554692		3
1655642331.554695		3
1655642331.554698		3
1655642331.554701		3
1655642331.554704		3
1655642331.554707		3
1655642331.554710		3
1655642331.554713		3
1655642331.554718		3
1655642331.554721		3
1655642331.836086		1
1655642331.861576		2
1655642331.891358		2
1655642331.891439		3
1655642331.891453		3
1655642331.891456		3
1655642331.891458		2
1655642331.891460		2
1655642331.891463		2
1655642331.891465		2
1655642331.891467		2
1655642331.891470		2
1655642331.891472		2
1655642331.891474		2
1655642331.891476		2
1655642331.891478		2
1655642331.891480		2
1655642331.891483		2
1655642331.891485		2
1655642331.891487		2
1655642331.891489		2
1655642331.891491		2
1655642331.891495		2
1655642331.891497		2
1655642331.913020		2
1655642331.942206		3
1655642331.942352		3
1655642331.942362		3
1655642331.942366		4
1655642331.942385		4
1655642331.942389		3
1655642331.942392		3
1655642331.942395		2
1655642331.942399		2
1655642331.942402		2
1655642331.942406		2
1655642331.967010		2
1655642331.967130		3
1655642331.993551		3
1655642331.993656		3
1655642331.993662		4
1655642331.993665		4
1655642331.993681		4
1655642331.993684		3
1655642331.993687		3
1655642331.993689		2
1655642331.993692		2
1655642331.993695		2
1655642331.993700		2
1655642331.993703		2
1655642331.993706		2
1655642331.993709		2
1655642331.993712		2
1655642331.993715		2
1655642331.993718		2
1655642332.072151		2
1655642332.072299		2
1655642332.072309		2
1655642332.072315		2
1655642332.072320		2
1655642332.072324		2
1655642332.072329		2
1655642332.072334		2
1655642332.309189		1
1655642332.360038		2
1655642332.382791		2
1655642332.382871		3
1655642332.382875		3
1655642332.382878		3
1655642332.382881		4
1655642332.382883		4
1655642332.382885		4
1655642332.382887		4
1655642332.382889		5
1655642332.382891		5
1655642332.382893		5
1655642332.382895		5
1655642332.382897		5
1655642332.382900		6
1655642332.382902		6
1655642332.382904		6
1655642332.406012		6
1655642332.406088		6
1655642332.440203		6
1655642332.440278		7
1655642332.467644		7
1655642332.467759		7
1655642332.467763		7
1655642332.467777		7
1655642332.467780		7
1655642332.467782		6
1655642332.467784		6
1655642332.467786		5
1655642332.467788		5
1655642332.467790		4
1655642332.467793		4
1655642332.490189		4
1655642332.490295		4
1655642332.490300		4
1655642332.490302		4
1655642332.490305		4
1655642332.490307		4
1655642332.490309		4
1655642332.490311		4
1655642332.490313		4
1655642332.490315		4
1655642332.490317		4
1655642332.490321		4
1655642332.490323		4
1655642332.490325		4
1655642332.512383		4
1655642332.512496		5
1655642332.512502		5
1655642332.512505		5
1655642332.512521		5
1655642332.512525		5
1655642332.512528		4
1655642332.512531		4
1655642332.512534		3
1655642332.534810		3
1655642332.534924		3
1655642332.534929		3
1655642332.534931		3
1655642332.534934		3
1655642332.534936		3
1655642332.534938		3
1655642332.534941		3
1655642332.534943		3
1655642332.534945		3
1655642332.534948		3
1655642332.534950		3
1655642332.534954		3
1655642332.534956		3
1655642332.534958		3
1655642332.566226		3
1655642332.566366		4
1655642332.593839		4
1655642332.593953		4
1655642332.615988		4
1655642332.616102		5
1655642332.616121		5
1655642332.616125		5
1655642332.616128		4
1655642332.616131		4
1655642332.616133		3
1655642332.616136		3
1655642332.616139		3
1655642332.616143		3
1655642332.616146		3
1655642332.616149		3
1655642332.616152		3
1655642332.616156		3
1655642332.616159		3
1655642332.616162		3
1655642332.616165		3
1655642332.616167		3
1655642332.616170		3
1655642332.616175		3
1655642332.616178		3
1655642332.616181		3
1655642332.616184		3
1655642332.616187		3
1655642332.616190		3
1655642332.638593		3
1655642332.660205		3
1655642332.661079		3
1655642332.661186		4
1655642332.687218		4
1655642332.687329		4
1655642332.687347		4
1655642332.687351		3
1655642332.687354		3
1655642332.687357		2
1655642332.687360		2
1655642332.687364		2
1655642332.687366		2
1655642332.687370		2
1655642332.687373		2
1655642332.687376		2
1655642332.687379		2
1655642332.687382		2
1655642332.687385		2
1655642332.687388		2
1655642332.687391		2
1655642332.687394		2
1655642332.687397		2
1655642332.687400		2
1655642332.687403		2
1655642332.687406		2
1655642332.687410		2
1655642332.687413		2
1655642332.687416		2
1655642332.711893		2
1655642332.735567		3
1655642332.735671		3
1655642332.763217		3
1655642332.763321		4
1655642332.763341		4
1655642332.763345		3
1655642332.763349		3
1655642332.763352		2
1655642332.763354		2
1655642332.763358		2
1655642332.763361		2
1655642332.763364		2
1655642332.763367		2
1655642332.763370		2
1655642332.763372		2
1655642332.763375		2
1655642332.763379		2
1655642332.763382		2
1655642332.763386		2
1655642332.763390		2
1655642332.763393		2
1655642332.763396		2
1655642332.785185		2
1655642332.807006		2
1655642332.807100		2
1655642332.829277		2
1655642332.829375		2
1655642332.829379		2
1655642332.829381		2
1655642332.829383		2
1655642332.851242		2
1655642332.851338		3
1655642332.851345		3
1655642332.851347		3
1655642332.851361		4
1655642332.873006		3
1655642332.873115		3
1655642332.895273		2
1655642332.895378		2
1655642332.895397		2
1655642332.895400		2
1655642332.895404		2
1655642332.895406		2
1655642332.895409		2
1655642332.895412		2
1655642332.895415		2
1655642332.895418		2
1655642332.895420		2
1655642332.895423		2
1655642332.895426		2
1655642332.895428		2
1655642332.895431		2
1655642332.895433		2
1655642332.895436		2
1655642332.895439		2
1655642332.895441		2
1655642332.895444		2
1655642332.895447		2
1655642332.895450		2
1655642332.895453		2
1655642332.895455		2
1655642332.918807		2
1655642332.918942		2
1655642332.945137		3
1655642332.945694		3
1655642332.970543		3
1655642332.970714		4
1655642332.970721		4
1655642332.970726		4
1655642332.970744		4
1655642332.970748		3
1655642332.970751		3
1655642332.970754		2
1655642332.970757		2
1655642332.970760		2
1655642332.970765		2
1655642332.970769		2
1655642332.970772		2
1655642332.970775		2
1655642332.970778		2
1655642332.970781		2
1655642332.970784		2
1655642332.970787		2
1655642332.970791		2
1655642332.970794		2
1655642332.970797		2
1655642332.997239		2
1655642332.997391		2
1655642332.997397		2
1655642332.997401		2
1655642332.997405		2
1655642333.018603		2
1655642333.019081		3
1655642333.044998		3
1655642333.045073		3
1655642333.045077		4
1655642333.045080		4
1655642333.045093		4
1655642333.045095		3
1655642333.045098		3
1655642333.045100		2
1655642333.045102		2
1655642333.045104		2
1655642333.045106		2
1655642333.045108		2
1655642333.045110		2
1655642333.045112		2
1655642333.045114		2
1655642333.045116		2
1655642333.045118		2
1655642333.045121		2
1655642333.045124		2
1655642333.045125		2
1655642333.067190		2
1655642333.067285		2
1655642333.067289		2
1655642333.067292		2
1655642333.067293		2
1655642333.110331		2
1655642333.110447		2
1655642333.110454		2
1655642333.110482		2
1655642333.110488		2
1655642333.110491		2
1655642333.110493		2
1655642333.110495		2
1655642333.110498		2
1655642333.110500		2
1655642333.137792		2
1655642333.137868		2
1655642333.137871		2
1655642333.137873		2
1655642333.137874		2
1655642333.137877		2
1655642333.160764		2
1655642333.160785		2
1655642333.160787		2
1655642333.160788		2
1655642333.182927		2
1655642333.182996		3
1655642333.182999		3
1655642333.206962		3
1655642333.207051		4
1655642333.207055		3
1655642333.207057		3
1655642333.207060		2
1655642333.207062		2
1655642333.207064		2
1655642333.229227		2
1655642333.253142		2
1655642333.253297		2
1655642333.275748		3
1655642333.275870		3
1655642333.275877		3
1655642333.275881		4
1655642333.275897		4
1655642333.275900		3
1655642333.275905		3
1655642333.275908		2
1655642333.275911		2
1655642333.275915		2
1655642333.275918		2
1655642333.275921		2
1655642333.275924		2
1655642333.275927		2
1655642333.275930		2
1655642333.275933		2
1655642333.275935		2
1655642333.275938		2
1655642333.297850		2
1655642333.297985		2
1655642333.297992		2
1655642333.297994		2
1655642333.297996		2
1655642333.298000		2
1655642333.298003		2
1655642333.298005		2
1655642333.318791		2
1655642333.318866		2
1655642333.318869		2
1655642333.318871		2
1655642333.318873		2
1655642333.318875		2
1655642333.318877		2
1655642333.318878		2
1655642333.318880		2
1655642333.318882		2
1655642333.318884		2
1655642333.318886		2
1655642333.318887		2
1655642333.318889		2
1655642333.340569		2
1655642333.340641		3
1655642333.362796		3
1655642333.362874		3
1655642333.362888		4
1655642333.362890		3
1655642333.362893		3
1655642333.362895		2
1655642333.362897		2
1655642333.362899		2
1655642333.362901		2
1655642333.362903		2
1655642333.362905		2
1655642333.388015		2
1655642333.416295		2
1655642333.416361		3
1655642333.416367		3
1655642333.438226		3
1655642333.438355		4
1655642333.438360		3
1655642333.438363		3
1655642333.438366		2
1655642333.438368		2
1655642333.438371		2
1655642333.438374		2
1655642333.438376		2
1655642333.438379		2
1655642333.438381		2
1655642333.438384		2
1655642333.438386		2
1655642333.438390		2
1655642333.438393		2
1655642333.438396		2
1655642333.438399		2
1655642333.438401		2
1655642333.438404		2
1655642333.438406		2
1655642333.438409		2
1655642333.438411		2
1655642333.438414		2
1655642333.459980		2
1655642333.482001		2
1655642333.482131		2
1655642333.482137		2
1655642333.482140		2
1655642333.482143		2
1655642333.482146		2
1655642333.482149		2
1655642333.482151		2
1655642333.482154		2
1655642333.482157		2
1655642333.504356		2
1655642333.504470		2
1655642333.504475		3
1655642333.504477		3
1655642333.504491		3
1655642333.504494		3
1655642333.504497		2
1655642333.504500		2
1655642333.504503		2
1655642333.504507		2
1655642333.504511		2
1655642333.504514		2
1655642333.526142		2
1655642333.535581		3
1655642333.535665		3
1655642333.556240		3
1655642333.556323		4
1655642333.556882		4
1655642333.572730		4
1655642333.584219		4
1655642333.584297		5
1655642333.594949		5
1655642333.595030		5
1655642333.605153		5
1655642333.605229		5
1655642333.605292		6
1655642333.605296		5
1655642333.605299		5
1655642333.605300		4
1655642333.605302		4
1655642333.605304		3
1655642333.605306		3
1655642333.605308		3
1655642333.605310		3
1655642333.605312		3
1655642333.605314		3
1655642333.605316		3
1655642333.605318		3
1655642333.605320		3
1655642333.605321		3
1655642333.605323		3
1655642333.605325		3
1655642333.605327		3
1655642333.605330		3
1655642333.605331		3
1655642333.632753		3
1655642333.632819		3
1655642333.632822		3
1655642333.632824		3
1655642333.632826		3
1655642333.643819		3
1655642333.668990		3
1655642333.669058		3
1655642333.669061		3
1655642333.669063		4
1655642333.669071		4
1655642333.669074		3
1655642333.669075		3
1655642333.669077		2
1655642333.669079		2
1655642333.669080		2
1655642333.669082		2
1655642333.669084		2
1655642333.669086		2
1655642333.669087		2
1655642333.669090		2
1655642333.669091		2
1655642333.669093		2
1655642333.669095		2
1655642333.669097		2
1655642333.669098		2
1655642333.669100		2
1655642333.669102		2
1655642333.669104		2
1655642333.669106		2
1655642333.669108		2
1655642333.669109		2
1655642333.690862		2
1655642333.900336		1
1655642333.921975		2
1655642333.944032		2
1655642333.944221		3
1655642333.944240		3
1655642333.944244		3
1655642333.944247		2
1655642333.944250		2
1655642333.944253		2
1655642333.944256		2
1655642333.944259		2
1655642333.944262		2
1655642333.944265		2
1655642333.944268		2
1655642333.944271		2
1655642333.944275		2
1655642333.944279		2
1655642333.944282		2
1655642333.944285		2
1655642333.944288		2
1655642333.944292		2
1655642333.944295		2
1655642333.944298		2
1655642333.944301		2
1655642333.944304		2
1655642333.944307		2
1655642333.966290		2
1655642333.987548		2
1655642333.987747		2
1655642333.987757		2
1655642333.987765		2
1655642333.987771		2
1655642333.987778		2
1655642333.987784		2
1655642333.987787		2
1655642333.987790		2
1655642333.987795		2
1655642333.987799		2
1655642334.010350		2
1655642334.225622		1
1655642334.272247		2
1655642334.296170		2
1655642334.296305		3
1655642334.296328		3
1655642334.296333		3
1655642334.296336		2
1655642334.296339		2
1655642334.547286		1
1655642334.568961		2
1655642334.590472		2
1655642334.590574		3
1655642334.590579		3
1655642334.590582		3
1655642334.590586		4
1655642334.590589		4
1655642334.590593		4
1655642334.590598		4
1655642334.590601		5
1655642334.590604		5
1655642334.590607		5
1655642334.590725		5
1655642334.590730		5
1655642334.590733		6
1655642334.590736		6
1655642334.590739		6
1655642334.590742		6
1655642334.590747		6
1655642334.590759		6
1655642334.590835		5
1655642334.590838		5
1655642334.590841		4
1655642334.612764		4
1655642334.612826		3
1655642334.612830		3
1655642334.612832		3
1655642334.612844		3
1655642334.612846		3
1655642334.612847		3
1655642334.612849		3
1655642334.612851		3
1655642334.612853		3
1655642334.612855		3
1655642334.612857		3
1655642334.612858		3
1655642334.612860		3
1655642334.612862		3
1655642334.612864		3
1655642334.612866		3
1655642334.612867		3
1655642334.612869		3
1655642334.638017		3
1655642334.638119		3
1655642334.638123		3
1655642334.638124		3
1655642334.638127		3
1655642334.638129		3
1655642334.638131		3
1655642334.638133		3
1655642334.638135		3
1655642334.638137		3
1655642334.638138		3
1655642334.660004		3
1655642334.660086		4
1655642334.660090		4
1655642334.660092		4
1655642334.660104		4
1655642334.660107		3
1655642334.660109		3
1655642334.660112		2
1655642334.660113		2
1655642334.688860		2
1655642334.688953		3
1655642334.725428		3
1655642334.725538		3
1655642334.725559		4
1655642334.725563		3
1655642334.725566		3
1655642334.725569		2
1655642334.725572		2
1655642334.725575		2
1655642334.725578		2
1655642334.725581		2
1655642334.725585		2
1655642334.725588		2
1655642334.725591		2
1655642334.725594		2
1655642334.725598		2
1655642334.725601		2
1655642334.725605		2
1655642334.725610		2
1655642334.725613		2
1655642334.725616		2
1655642334.725619		2
1655642334.725622		2
1655642334.725625		2
1655642334.725756		2
1655642334.748431		2
1655642334.769881		2
1655642334.770020		2
1655642334.770027		3
1655642334.791400		3
1655642334.791499		3
1655642334.791505		4
1655642334.791509		4
1655642334.791522		4
1655642334.791525		3
1655642334.791527		3
1655642334.791530		2
1655642334.791532		2
1655642334.791535		2
1655642334.791537		2
1655642334.791540		2
1655642334.791542		2
1655642334.791545		2
1655642334.791547		2
1655642334.791549		2
1655642334.815034		2
1655642334.815135		3
1655642334.815139		3
1655642334.815142		3
1655642334.815156		4
1655642334.815158		3
1655642334.815162		3
1655642334.815165		2
1655642334.815167		2
1655642334.815170		2
1655642334.841687		2
1655642334.841811		2
1655642334.868154		3
1655642334.868271		3
1655642334.868279		3
1655642334.868298		4
1655642334.868303		3
1655642334.868306		3
1655642334.868309		2
1655642334.868312		2
1655642334.868316		2
1655642334.868318		2
1655642334.868323		2
1655642334.868326		2
1655642334.868335		2
1655642334.868338		2
1655642334.868341		2
1655642334.868343		2
1655642334.868346		2
1655642334.868351		2
1655642334.868355		2
1655642334.868358		2
1655642334.868360		2
1655642334.868363		2
1655642334.868366		2
1655642334.868369		2
1655642334.894132		2
1655642334.894282		2
1655642334.919913		2
1655642334.920041		2
1655642334.956526		3
1655642334.956647		3
1655642334.956669		3
1655642334.956673		3
1655642334.956676		2
1655642334.956679		2
1655642334.956683		2
1655642334.956686		2
1655642334.956689		2
1655642334.956693		2
1655642334.956696		2
1655642334.956699		2
1655642334.956702		2
1655642334.956705		2
1655642334.956709		2
1655642334.956712		2
1655642334.956714		2
1655642334.956718		2
1655642334.956721		2
1655642334.956724		2
1655642334.956728		2
1655642334.956732		2
1655642334.956735		2
1655642334.956738		2
1655642334.956741		2
1655642334.956744		2
1655642334.956747		2
1655642334.977673		2
1655642335.003890		3
1655642335.003993		3
1655642335.004001		3
1655642335.004004		4
1655642335.004020		4
1655642335.004024		3
1655642335.004027		3
1655642335.004030		2
1655642335.004032		2
1655642335.004035		2
1655642335.004038		2
1655642335.028110		2
1655642335.028200		2
1655642335.028205		2
1655642335.028206		2
1655642335.028208		2
1655642335.028211		2
1655642335.028213		2
1655642335.028214		2
1655642335.028217		2
1655642335.028218		2
1655642335.028220		2
1655642335.028222		2
1655642335.028224		2
1655642335.028226		2
1655642335.049065		2
1655642335.049155		3
1655642335.049161		3
1655642335.071329		3
1655642335.071428		4
1655642335.071434		3
1655642335.071436		3
1655642335.071438		2
1655642335.071440		2
1655642335.071442		2
1655642335.071445		2
1655642335.071447		2
1655642335.071449		2
1655642335.071451		2
1655642335.071453		2
1655642335.113997		2
1655642335.135268		2
1655642335.135288		2
1655642335.157858		3
1655642335.157975		3
1655642335.157992		3
1655642335.157996		3
1655642335.157998		2
1655642335.158001		2
1655642335.158004		2
1655642335.158006		2
1655642335.158009		2
1655642335.158012		2
1655642335.158014		2
1655642335.158017		2
1655642335.158022		2
1655642335.158025		2
1655642335.158028		2
1655642335.158031		2
1655642335.158034		2
1655642335.158036		2
1655642335.158039		2
1655642335.158042		2
1655642335.158044		2
1655642335.158047		2
1655642335.180334		2
1655642335.201363		2
1655642335.201482		2
1655642335.201486		2
1655642335.201489		2
1655642335.201491		2
1655642335.201494		2
1655642335.223666		2
1655642335.223769		3
1655642335.223774		3
1655642335.223776		3
1655642335.223790		4
1655642335.250331		3
1655642335.250473		3
1655642335.279130		2
1655642335.279241		2
1655642335.279264		2
1655642335.279268		2
1655642335.279271		2
1655642335.279274		2
1655642335.279277		2
1655642335.279280		2
1655642335.279282		2
1655642335.279285		2
1655642335.279288		2
1655642335.279291		2
1655642335.279294		2
1655642335.279297		2
1655642335.279301		2
1655642335.279304		2
1655642335.279308		2
1655642335.279311		2
1655642335.279313		2
1655642335.279316		2
1655642335.300541		2
1655642335.301982		2
1655642335.323405		3
1655642335.323417		3
1655642335.323420		3
1655642335.323422		4
1655642335.323443		4
1655642335.323644		3
1655642335.323648		3
1655642335.323650		2
1655642335.323653		2
1655642335.323656		2
1655642335.323658		2
1655642335.323661		2
1655642335.323664		2
1655642335.323666		2
1655642335.347478		2
1655642335.347590		2
1655642335.347595		2
1655642335.347598		2
1655642335.347603		2
1655642335.347608		2
1655642335.347611		2
1655642335.347615		2
1655642335.347618		2
1655642335.347621		2
1655642335.347623		2
1655642335.347627		2
1655642335.347631		2
1655642335.369820		2
1655642335.369895		3
1655642335.398664		3
1655642335.398731		3
1655642335.398736		4
1655642335.398737		4
1655642335.398748		4
1655642335.398750		3
1655642335.398751		3
1655642335.398753		2
1655642335.398755		2
1655642335.398756		2
1655642335.398758		2
1655642335.398760		2
1655642335.421628		2
1655642335.421693		2
1655642335.421696		2
1655642335.421698		2
1655642335.421700		2
1655642335.421702		2
1655642335.421703		2
1655642335.421705		2
1655642335.421707		2
1655642335.421709		2
1655642335.421710		2
1655642335.421712		2
1655642335.421714		2
1655642335.421716		2
1655642335.421718		2
1655642335.603853		1
1655642335.628398		2
1655642335.650900		2
1655642335.651031		3
1655642335.651054		3
1655642335.651058		3
1655642335.651062		2
1655642335.651065		2
1655642335.651069		2
1655642335.651072		2
1655642335.651076		2
1655642335.651079		2
1655642335.651082		2
1655642335.651085		2
1655642335.651089		2
1655642335.651092		2
1655642335.651096		2
1655642335.651100		2
1655642335.651103		2
1655642335.651107		2
1655642335.651110		2
1655642335.651114		2
1655642335.651117		2
1655642335.651120		2
1655642335.674051		2
1655642335.695616		2
1655642335.695751		3
1655642335.695758		3
1655642335.695762		3
1655642335.695778		4
1655642335.695782		3
1655642335.695785		3
1655642335.695788		2
1655642335.722382		2
1655642335.722529		2
1655642335.746168		2
1655642335.746299		3
1655642335.746306		3
1655642335.746310		3
1655642335.746313		4
1655642335.746317		4
1655642335.746320		4
1655642335.746323		4
1655642335.746327		5
1655642335.746330		5
1655642335.746334		5
1655642335.746338		5
1655642335.746342		5
1655642335.746346		6
1655642335.746349		6
1655642335.746353		6
1655642335.746357		6
1655642335.769635		6
1655642335.769774		6
1655642335.769781		7
1655642335.769801		7
1655642335.769806		7
1655642335.769809		6
1655642335.769813		6
1655642335.769816		5
1655642335.769819		5
1655642335.769822		4
1655642335.769825		4
1655642335.769828		4
1655642335.769831		4
1655642335.769834		4
1655642335.769837		4
1655642335.769840		4
1655642335.769843		4
1655642335.769847		4
1655642335.769850		4
1655642335.769855		4
1655642335.769858		4
1655642335.769861		4
1655642335.769865		4
1655642335.792169		4
1655642335.792312		4
1655642335.792318		4
1655642335.815074		4
1655642335.815266		4
1655642335.815276		4
1655642335.815281		4
1655642335.815287		4
1655642335.815292		4
1655642335.841540		4
1655642335.841654		4
1655642335.841658		4
1655642335.841661		4
1655642335.841664		4
1655642335.841666		4
1655642335.841669		4
1655642335.841671		4
1655642335.863704		4
1655642335.863778		4
1655642335.863781		4
1655642335.863783		5
1655642335.863792		5
1655642335.863794		5
1655642335.863796		4
1655642335.863798		4
1655642335.916739		3
1655642335.916811		3
1655642335.937671		3
1655642335.937737		4
1655642335.958779		4
1655642335.958857		4
1655642335.958861		4
1655642335.958874		5
1655642335.958877		5
1655642335.958879		4
1655642335.958880		4
1655642335.958882		3
1655642335.958884		3
1655642335.958886		3
1655642335.958888		3
1655642335.958889		3
1655642335.958891		3
1655642335.958893		3
1655642335.958895		3
1655642335.958897		3
1655642335.958900		3
1655642335.958902		3
1655642335.958904		3
1655642335.958906		3
1655642335.958908		3
1655642335.958909		3
1655642335.958912		3
1655642335.980164		3
1655642335.980270		3
1655642335.980274		3
1655642336.006762		3
1655642336.006917		3
1655642336.006923		3
1655642336.006926		3
1655642336.006928		3
1655642336.006931		3
1655642336.006934		3
1655642336.006937		3
1655642336.006939		3
1655642336.006942		3
1655642336.006944		3
1655642336.006948		3
1655642336.006951		3
1655642336.006954		3
1655642336.007295		3
1655642336.007301		3
1655642336.007304		3
1655642336.007307		3
1655642336.007309		3
1655642336.032442		3
1655642336.032586		3
1655642336.054712		3
1655642336.054828		4
1655642336.054835		4
1655642336.054839		4
1655642336.054856		4
1655642336.054859		3
1655642336.054862		3
1655642336.054865		2
1655642336.054868		2
1655642336.054872		2
1655642336.054874		2
1655642336.054878		2
1655642336.054881		2
1655642336.054884		2
1655642336.054887		2
1655642336.054891		2
1655642336.054895		2
1655642336.054898		2
1655642336.054901		2
1655642336.054904		2
1655642336.076363		2
1655642336.076459		2
1655642336.076464		2
1655642336.076467		2
1655642336.076470		2
1655642336.076473		2
1655642336.076476		2
1655642336.076480		2
1655642336.076483		2
1655642336.132264		2
1655642336.132342		3
1655642336.154764		3
1655642336.155044		3
1655642336.177129		4
1655642336.177214		4
1655642336.177218		4
1655642336.177221		4
1655642336.177233		5
1655642336.177236		5
1655642336.177237		4
1655642336.177239		4
1655642336.177241		3
1655642336.177243		3
1655642336.177245		3
1655642336.177247		3
1655642336.177249		3
1655642336.177251		3
1655642336.177254		3
1655642336.177256		3
1655642336.177258		3
1655642336.177259		3
1655642336.177261		3
1655642336.177263		3
1655642336.177265		3
1655642336.206050		3
1655642336.206211		3
1655642336.206217		3
1655642336.206220		3
1655642336.206224		3
1655642336.206226		3
1655642336.206229		3
1655642336.228839		3
1655642336.228992		3
1655642336.228999		3
1655642336.229002		3
1655642336.251212		3
1655642336.251357		3
1655642336.251363		3
1655642336.276406		4
1655642336.276545		4
1655642336.276553		3
1655642336.276557		3
1655642336.276560		2
1655642336.276565		2
1655642336.276569		2
1655642336.276572		2
1655642336.276576		2
1655642336.276579		2
1655642336.276582		2
1655642336.276586		2
1655642336.276590		2
1655642336.276593		2
1655642336.276596		2
1655642336.276600		2
1655642336.276603		2
1655642336.276607		2
1655642336.276611		2
1655642336.276615		2
1655642336.276618		2
1655642336.276622		2
1655642336.276625		2
1655642336.300324		2
1655642336.323618		3
1655642336.323736		3
1655642336.323745		3
1655642336.323748		4
1655642336.323764		4
1655642336.323768		3
1655642336.323771		3
1655642336.346366		2
1655642336.346438		2
1655642336.346451		2
1655642336.346453		2
1655642336.346454		2
1655642336.346456		2
1655642336.346457		2
1655642336.372997		2
1655642336.373150		3
1655642336.395713		3
1655642336.395822		3
1655642336.395841		4
1655642336.395844		3
1655642336.395848		3
1655642336.395850		2
1655642336.395854		2
1655642336.395857		2
1655642336.395861		2
1655642336.395864		2
1655642336.395867		2
1655642336.395870		2
1655642336.395873		2
1655642336.395877		2
1655642336.395880		2
1655642336.395884		2
1655642336.395887		2
1655642336.395891		2
1655642336.395894		2
1655642336.395897		2
1655642336.395900		2
1655642336.395903		2
1655642336.395906		2
1655642336.395909		2
1655642336.395912		2
1655642336.419635		2
1655642336.443599		2
1655642336.443681		3
1655642336.443687		3
1655642336.443689		3
1655642336.443701		4
1655642336.443703		3
1655642336.443705		3
1655642336.443707		2
1655642336.443709		2
1655642336.443711		2
1655642336.443713		2
1655642336.443715		2
1655642336.468999		2
1655642336.469100		2
1655642336.469105		2
1655642336.469107		2
1655642336.469108		2
1655642336.469110		2
1655642336.469112		2
1655642336.469114		2
1655642336.469116		2
1655642336.469118		2
1655642336.469119		2
1655642336.469121		2
1655642336.469123		2
1655642336.469125		2
1655642336.469127		2
1655642336.469129		2
1655642336.469131		2
1655642336.490809		2
1655642336.490907		2
1655642336.512891		3
1655642336.513178		3
1655642336.513184		3
1655642336.513198		4
1655642336.513203		3
1655642336.513207		3
1655642336.513211		2
1655642336.513214		2
1655642336.513218		2
1655642336.513221		2
1655642336.513225		2
1655642336.513229		2
1655642336.513233		2
1655642336.513236		2
1655642336.513240		2
1655642336.513250		2
1655642336.513254		2
1655642336.513257		2
1655642336.513260		2
1655642336.513263		2
1655642336.513265		2
1655642336.513267		2
1655642336.513270		2
1655642336.536252		2
1655642336.536351		2
1655642336.773310		1
1655642336.795841		2
1655642336.817654		2
1655642336.817733		3
1655642336.817747		3
1655642336.817750		3
1655642336.817752		2
1655642336.817754		2
1655642336.817756		2
1655642336.817759		2
1655642336.850936		2
1655642336.878563		2
1655642336.878642		3
1655642336.878646		3
1655642336.905472		3
1655642336.905482		4
1655642336.905626		4
1655642336.928760		4
